
                                                           Юпитер


  Широта  55°

          ├────  Долгота = 0° ────┤  ├──────────────  0 ч. Всем. Вp.  ─────────────┤├── Долгота = 0° ──┤├─  0 ч. Вс. Вp. ─┤ 

  Дата     Восх.  В.К.   Зах.   ёА    Пp.Восх.    Скл.  Геоц.Р.   Диам.  Фаза  Зв.В. Вид.H. Вид.К. Ин.В. Долг.  Шиp. Гел.Р.

  2002     ч  м   ч  м   ч  м    °    ч   м      °  `    А.Е.     "                   ч  м  ч  м   ч  м    °     °    А.Е.  

 Янв.  1  15 26   0  5   8 38  134    6 46.4    23 01   4.188   47.03    1.00 - 2.7  16 35  7 31  14 57  100.6   0.0  5.171
 Янв.  9  14 50  23 24   8  3  134    6 41.7    23 07   4.200   46.90    1.00 - 2.7  16 44  7 29  14 45  101.3   0.0  5.174
 Янв. 17  14 13  22 48   7 28  135    6 37.3    23 12   4.233   46.55    1.00 - 2.7  16 56  7 23  14 27  101.9   0.0  5.177
 Янв. 25  13 37  22 13   6 53  135    6 33.3    23 17   4.285   45.99    1.00 - 2.7  17  9  6 53  13 44  102.6   0.0  5.180
 Фев.  2  13  2  21 38   6 19  135    6 29.9    23 20   4.354   45.26    1.00 - 2.6  17 24  6 19  12 55  103.3   0.1  5.183
 Фев. 10  12 27  21  4   5 45  135    6 27.3    23 23   4.439   44.40    1.00 - 2.6  17 39  5 45  12  6  103.9   0.1  5.186
 Фев. 18  11 54  20 31   5 12  135    6 25.5    23 25   4.537   43.44    0.99 - 2.5  17 55  5 12  11 17  104.6   0.1  5.189
 Фев. 26  11 21  19 59   4 40  135    6 24.6    23 26   4.647   42.42    0.99 - 2.5  18 11  4 40  10 29  105.3   0.1  5.192
 Март  6  10 50  19 27   4  9  135    6 24.7    23 27   4.765   41.37    0.99 - 2.4  18 27  4  9   9 42  105.9   0.1  5.195
 Март 14  10 19  18 57   3 38  135    6 25.6    23 27   4.889   40.32    0.99 - 2.4  18 42  3 38   8 56  106.6   0.1  5.197
 Март 22   9 50  18 27   3  9  135    6 27.4    23 27   5.016   39.29    0.99 - 2.3  18 58  3  9   8 10  107.3   0.2  5.200
 Март 30   9 21  17 59   2 40  135    6 30.1    23 26   5.145   38.30    0.99 - 2.3  19 15  2 40   7 25  107.9   0.2  5.203
 Апр.  7   8 53  17 31   2 11  135    6 33.5    23 24   5.274   37.37    0.99 - 2.2  19 31  2 11   6 40  108.6   0.2  5.206
 Апр. 15   8 27  17  3   1 43  135    6 37.6    23 21   5.400   36.49    0.99 - 2.2  19 49  1 43   5 55  109.3   0.2  5.209
 Апр. 23   8  0  16 37   1 16  135    6 42.3    23 17   5.522   35.68    0.99 - 2.1  20  6  1 16   5 10  109.9   0.2  5.212
 Май   1   7 35  16 10   0 49  135    6 47.6    23 12   5.637   34.95    0.99 - 2.1  20 25  0 49   4 25  110.6   0.2  5.215
 Май   9   7 10  15 45   0 23  134    6 53.4    23 06   5.746   34.28    0.99 - 2.0  20 43  0 23   3 39  111.2   0.2  5.218
 Май  17   6 46  15 19  23 53  134    6 59.5    22 58   5.847   33.62    0.99 - 2.0  21  4 23 53   2 49  111.9   0.3  5.221
 Май  25   6 22  14 55  23 27  134    7 06.1    22 49   5.938   33.11    1.00 - 1.9  21 21 23 27   2  6  112.6   0.3  5.224
 Июнь  2   5 59  14 30  23  0  133    7 12.9    22 38   6.020   32.67    1.00 - 1.9  21 36 23  0   1 25  113.2   0.3  5.227
 Июнь 10   5 37  14  5  22 34  133    7 20.0    22 26   6.090   32.30    1.00 - 1.9  21 47 22 34   0 47  113.9   0.3  5.230
 Июнь 18   5 14  13 41  22  8  132    7 27.2    22 12   6.149   32.00    1.00 - 1.9  21 54 22  8   0 14  114.5   0.3  5.233
 Июнь 26   4 52  13 17  21 42  132    7 34.6    21 57   6.195   31.77    1.00 - 1.8                      115.2   0.3  5.236
 Июль  4   4 31  12 53  21 15  131    7 42.1    21 40   6.230   31.60    1.00 - 1.8                      115.8   0.3  5.239
 Июль 12   4  9  12 29  20 49  130    7 49.6    21 22   6.252   31.50    1.00 - 1.8                      116.5   0.4  5.241
 Июль 20   3 48  12  5  20 22  130    7 57.1    21 02   6.260   31.46    1.00 - 1.8                      117.2   0.4  5.244
 Июль 28   3 27  11 41  19 56  129    8 04.6    20 41   6.256   31.49    1.00 - 1.8                      117.8   0.4  5.247
 Авг.  5   3  5  11 17  19 29  128    8 12.1    20 20   6.239   31.58    1.00 - 1.8   3  5  3 20   0 15  118.5   0.4  5.250
 Авг. 13   2 44  10 53  19  2  128    8 19.4    19 57   6.210   31.74    1.00 - 1.8   2 44  3 38   0 54  119.1   0.4  5.253
 Авг. 21   2 23  10 29  18 34  127    8 26.5    19 34   6.167   31.96    1.00 - 1.8   2 23  3 56   1 33  119.8   0.4  5.256
 Авг. 29   2  1  10  4  18  7  126    8 33.4    19 10   6.113   32.25    1.00 - 1.9   2  1  4 13   2 12  120.4   0.4  5.259
 Сен.  6   1 39   9 39  17 39  125    8 40.1    18 47   6.047   32.61    1.00 - 1.9   1 39  4 29   2 50  121.1   0.5  5.262
 Сен. 14   1 17   9 14  17 11  124    8 46.5    18 23   5.969   33.04    1.00 - 1.9   1 17  4 45   3 28  121.7   0.5  5.264
 Сен. 22   0 54   8 49  16 43  124    8 52.5    18 01   5.882   33.54    0.99 - 1.9   0 54  5  1   4  7  122.4   0.5  5.267
 Сен. 30   0 31   8 23  16 14  123    8 58.2    17 39   5.785   34.10    0.99 - 2.0   0 31  5 16   4 45  123.0   0.5  5.270
 Окт.  8   0  7   7 57  15 46  122    9 03.4    17 18   5.679   34.74    0.99 - 2.0   0  7  5 32   5 25  123.6   0.5  5.273
 Окт. 16  23 39   7 30  15 17  122    9 08.1    16 59   5.567   35.38    0.99 - 2.1  23 43  5 47   6  4  124.3   0.5  5.276
 Окт. 24  23 14   7  2  14 47  121    9 12.3    16 42   5.449   36.14    0.99 - 2.1  23 17  6  2   6 44  124.9   0.5  5.278
 Hоя.  1  22 48   6 34  14 18  121    9 15.9    16 28   5.326   36.97    0.99 - 2.2  22 51  6 17   7 26  125.6   0.6  5.281
 Hоя.  9  22 20   6  6  13 48  120    9 18.8    16 16   5.202   37.86    0.99 - 2.2  22 24  6 32   8  8  126.2   0.6  5.284
 Hоя. 17  21 52   5 37  13 18  120    9 21.0    16 08   5.077   38.78    0.99 - 2.3  21 55  6 46   8 51  126.9   0.6  5.287
 Hоя. 25  21 22   5  7  12 47  120    9 22.4    16 03   4.954   39.74    0.99 - 2.3  21 26  6 59   9 33  127.5   0.6  5.289
 Дек.  3  20 51   4 36  12 16  120    9 23.0    16 02   4.835   40.72    0.99 - 2.4  20 55  7 11  10 16  128.2   0.6  5.292
 Дек. 11  20 19   4  4  11 45  120    9 22.8    16 05   4.724   41.68    0.99 - 2.4  20 23  7 21  10 57  128.8   0.6  5.295
 Дек. 19  19 46   3 31  11 13  120    9 21.7    16 12   4.621   42.60    0.99 - 2.5  19 50  7 27  11 37  129.4   0.6  5.298
 Дек. 27  19 11   2 58  10 41  120    9 19.9    16 22   4.531   43.45    1.00 - 2.5  19 16  7 31  12 15  130.1   0.6  5.300
 Янв.  4  18 35   2 24  10  8  121    9 17.3    16 36   4.454   44.19    1.00 - 2.5  18 40  7 31  12 51  130.7   0.7  5.303
