
                                                             Марс


  Широта  55°

          ├────  Долгота = 0° ────┤  ├──────────────  0 ч. Всем. Вp.  ─────────────┤├── Долгота = 0° ──┤├─  0 ч. Вс. Вp. ─┤ 

  Дата     Восх.  В.К.   Зах.   ёА    Пp.Восх.    Скл.  Геоц.Р.   Диам.  Фаза  Зв.В. Вид.H. Вид.К. Ин.В. Долг.  Шиp. Гел.Р.

  2002     ч  м   ч  м   ч  м    °    ч   м      °  `    А.Е.     "                   ч  м  ч  м   ч  м    °     °    А.Е.  

 Янв.  1  10 59  16 30  22  2   81   23 12.8   - 5 50   1.496    6.26    0.89   0.7  16 36 22  2   5 26   26.1  -0.7  1.425
 Янв.  9  10 35  16 20  22  6   85   23 34.2   - 3 23   1.555    6.02    0.89   0.8  16 45 22  6   5 21   30.9  -0.6  1.433
 Янв. 17  10 10  16 10  22 10   90   23 55.4   - 0 56   1.616    5.80    0.90   0.9  16 57 22 10   5 12   35.5  -0.4  1.442
 Янв. 25   9 46  15 59  22 13   94    0 16.6     1 31   1.676    5.59    0.91   1.0  17 11 22 13   5  2   40.2  -0.3  1.451
 Фев.  2   9 22  15 49  22 17   98    0 37.7     3 55   1.736    5.40    0.91   1.0  17 26 22 17   4 51   44.7  -0.2  1.461
 Фев. 10   8 58  15 38  22 20  102    0 58.9     6 17   1.797    5.22    0.92   1.1  17 41 22 20   4 39   49.3  -0.0  1.471
 Фев. 18   8 34  15 28  22 23  106    1 20.1     8 34   1.857    5.05    0.92   1.2  17 57 22 23   4 26   53.7   0.1  1.481
 Фев. 26   8 11  15 18  22 26  110    1 41.5    10 45   1.916    4.89    0.93   1.2  18 13 22 26   4 14   58.1   0.3  1.491
 Март  6   7 48  15  8  22 30  114    2 03.1    12 50   1.975    4.75    0.94   1.3  18 29 22 30   4  1   62.4   0.4  1.502
 Март 14   7 25  14 58  22 33  118    2 24.8    14 48   2.032    4.61    0.94   1.3  18 44 22 33   3 48   66.7   0.5  1.512
 Март 22   7  3  14 49  22 35  121    2 46.8    16 36   2.089    4.49    0.95   1.4  19  0 22 35   3 35   70.9   0.7  1.523
 Март 30   6 42  14 40  22 38  124    3 09.1    18 15   2.144    4.38    0.95   1.4  19 17 22 38   3 21   75.0   0.8  1.533
 Апр.  7   6 22  14 30  22 40  127    3 31.5    19 44   2.197    4.27    0.96   1.5  19 34 22 40   3  6   79.1   0.9  1.543
 Апр. 15   6  3  14 22  22 41  130    3 54.3    21 01   2.248    4.17    0.96   1.5  19 51 22 41   2 50   83.2   1.0  1.553
 Апр. 23   5 46  14 13  22 41  132    4 17.2    22 07   2.298    4.09    0.97   1.6  20  9 22 41   2 32   87.2   1.1  1.563
 Май   1   5 30  14  5  22 40  134    4 40.2    23 00   2.344    4.00    0.97   1.6  20 27 22 40   2 13   91.1   1.2  1.573
 Май   9   5 16  13 56  22 37  136    5 03.4    23 41   2.389    3.93    0.98   1.6  20 45 22 37   1 52   95.0   1.3  1.582
 Май  17   5  3  13 48  22 33  137    5 26.7    24 08   2.431    3.86    0.98   1.7  21  4 22 33   1 29   98.8   1.4  1.591
 Май  25   4 53  13 40  22 27  137    5 49.9    24 23   2.470    3.80    0.98   1.7  21 21 22 27   1  6  102.7   1.5  1.600
 Июнь  2   4 44  13 31  22 18  137    6 13.0    24 24   2.506    3.75    0.99   1.7  21 36 22 18   0 42  106.4   1.5  1.608
 Июнь 10   4 38  13 23  22  8  137    6 36.0    24 13   2.539    3.70    0.99   1.7  21 47 22  8   0 20  110.2   1.6  1.616
 Июнь 18   4 32  13 14  21 55  136    6 58.8    23 49   2.568    3.66    0.99   1.7  21 54 21 55   0  1  113.9   1.7  1.623
 Июнь 26   4 29  13  5  21 40  134    7 21.3    23 13   2.594    3.62    0.99   1.7                      117.5   1.7  1.630
 Июль  4   4 26  12 56  21 24  133    7 43.5    22 26   2.617    3.59    1.00   1.8                      121.2   1.8  1.636
 Июль 12   4 24  12 46  21  6  131    8 05.3    21 28   2.635    3.57    1.00   1.8                      124.8   1.8  1.642
 Июль 20   4 23  12 36  20 47  128    8 26.8    20 20   2.650    3.55    1.00   1.7                      128.4   1.8  1.647
 Июль 28   4 23  12 25  20 27  126    8 47.8    19 03   2.661    3.53    1.00   1.7                      131.9   1.8  1.651
 Авг.  5   4 22  12 14  20  6  123    9 08.5    17 38   2.668    3.53    1.00   1.7                      135.5   1.8  1.655
 Авг. 13   4 22  12  3  19 43  120    9 28.9    16 05   2.671    3.52    1.00   1.7                      139.0   1.8  1.659
 Авг. 21   4 21  11 52  19 21  116    9 48.9    14 26   2.670    3.52    1.00   1.8                      142.5   1.8  1.661
 Авг. 29   4 21  11 40  18 57  113   10 08.5    12 41   2.665    3.53    1.00   1.8                      146.0   1.8  1.663
 Сен.  6   4 20  11 28  18 34  110   10 27.9    10 51   2.655    3.55    1.00   1.8   4 20  4 29   0  9  149.5   1.8  1.665
 Сен. 14   4 20  11 15  18 10  106   10 47.1     8 57   2.641    3.57    1.00   1.8   4 20  4 45   0 25  153.0   1.8  1.666
 Сен. 22   4 19  11  3  17 46  103   11 06.1     6 00   2.622    3.59    0.99   1.8   4 19  5  1   0 43  156.5   1.8  1.666
 Сен. 30   4 18  10 50  17 21   99   11 24.9     4 00   2.600    3.62    0.99   1.8   4 18  5 16   0 58  160.0   1.7  1.666
 Окт.  8   4 17  10 37  16 57   96   11 43.6     2 58   2.573    3.66    0.99   1.8   4 17  5 32   1 15  163.5   1.7  1.665
 Окт. 16   4 16  10 24  16 32   92   12 02.3     0 55   2.542    3.71    0.99   1.8   4 16  5 47   1 31  167.0   1.6  1.663
 Окт. 24   4 15  10 11  16  8   89   12 21.0   - 1 08   2.506    3.76    0.98   1.8   4 15  6  2   1 47  170.5   1.6  1.661
 Hоя.  1   4 13   9 59  15 43   85   12 39.8   - 3 10   2.467    3.82    0.98   1.8   4 13  6 17   2  3  174.0   1.5  1.658
 Hоя.  9   4 12   9 46  15 19   82   12 58.7   - 5 11   2.424    3.89    0.98   1.8   4 12  6 32   2 19  177.6   1.5  1.654
 Hоя. 17   4 11   9 34  14 55   78   13 17.7   - 7 10   2.377    3.97    0.97   1.7   4 11  6 46   2 35  181.1   1.4  1.650
 Hоя. 25   4 10   9 21  14 31   75   13 36.9   - 9 06   2.326    4.05    0.97   1.7   4 10  6 59   2 49  184.7   1.3  1.645
 Дек.  3   4 10   9  9  14  8   71   13 56.3   -10 58   2.272    4.15    0.96   1.7   4 10  7 11   3  2  188.3   1.2  1.640
 Дек. 11   4  9   8 57  13 45   68   14 16.0   -12 45   2.215    4.26    0.96   1.6   4  9  7 21   3 12  191.9   1.1  1.634
 Дек. 19   4  8   8 46  13 23   65   14 36.1   -14 27   2.155    4.38    0.95   1.6   4  8  7 27   3 19  195.5   1.0  1.628
 Дек. 27   4  7   8 35  13  1   62   14 56.4   -16 02   2.092    4.51    0.95   1.5   4  7  7 31   3 23  199.2   0.9  1.621
 Янв.  4   4  7   8 24  12 41   59   15 17.0   -17 30   2.027    4.66    0.94   1.5   4  7  7 31   3 24  202.9   0.8  1.614
