
                                                         Меркурий


  Широта  55°

          ├────  Долгота = 0° ────┤  ├──────────────  0 ч. Всем. Вp.  ─────────────┤├── Долгота = 0° ──┤├─  0 ч. Вс. Вp. ─┤ 

  Дата     Восх.  В.К.   Зах.   ёА    Пp.Восх.    Скл.  Геоц.Р.   Диам.  Фаза  Зв.В. Вид.H. Вид.К. Ин.В. Долг.  Шиp. Гел.Р.

  2002     ч  м   ч  м   ч  м    °    ч   м      °  `    А.Е.     "                   ч  м  ч  м   ч  м    °     °    А.Е.  

 Янв.  1   9 34  13 11  16 50   49   19 51.9   -23 02   1.230    5.49    0.87 - 0.7  16 36 16 50   0 14  100.4  -0.0  0.983
 Янв.  9   9 23  13 27  17 31   56   20 39.4   -19 41   1.058    6.43    0.69 - 0.7  16 45 17 31   0 46  108.5  -0.0  0.983
 Янв. 17   8 51  13 19  17 48   63   21 05.8   -16 01   0.846    8.08    0.35   0.2  16 57 17 48   0 51  116.7  -0.0  0.984
 Янв. 25   7 55  12 29  17  4   65   20 50.5   -14 41   0.683    9.90    0.04   3.8                      124.8  -0.0  0.984
 Фев.  2   6 57  11 21  15 44   61   20 12.4   -16 20   0.673    9.84    0.09   2.1   6 57  7  2   0  5  132.9  -0.0  0.985
 Фев. 10   6 28  10 40  14 52   58   20 01.4   -18 09   0.777    8.47    0.33   0.6   6 28  6 48   0 20  141.0  -0.0  0.987
 Фев. 18   6 20  10 29  14 37   57   20 20.0   -18 48   0.909    7.26    0.53   0.2   6 20  6 31   0 11  149.1  -0.0  0.988
 Фев. 26   6 18  10 32  14 47   58   20 54.5   -18 03   1.033    6.40    0.66   0.1                      157.2  -0.0  0.990
 Март  6   6 14  10 43  15 14   63   21 36.8   -15 53   1.141    5.81    0.75 - 0.0                      165.2  -0.0  0.992
 Март 14   6  6  10 59  15 53   69   22 23.3   -12 21   1.230    5.40    0.83 - 0.2                      173.2   0.0  0.994
 Март 22   5 54  11 17  16 41   78   23 12.9   - 7 30   1.299    5.12    0.90 - 0.5                      181.2  -0.0  0.996
 Март 30   5 41  11 38  17 38   89    0 05.7   - 1 26   1.341    4.98    0.96 - 1.1                      189.1  -0.0  0.999
 Апр.  7   5 25  12  4  18 46  102    1 02.7     5 38   1.339    5.01    1.00 - 2.0                      197.0   0.0  1.001
 Апр. 15   5 10  12 34  20  1  115    2 03.7    12 59   1.265    5.34    0.94 - 1.5  19 51 20  1   0 10  204.8   0.0  1.003
 Апр. 23   4 56  13  2  21 11  127    3 03.5    19 09   1.110    6.13    0.73 - 0.8  20  9 21 11   1  2  212.6   0.0  1.005
 Май   1   4 44  13 18  21 54  134    3 52.6    22 52   0.920    7.44    0.47   0.1  20 27 21 54   1 27  220.4   0.0  1.007
 Май   9   4 33  13 16  21 59  136    4 23.5    24 01   0.746    9.18    0.25   1.3  20 45 21 59   1 14  228.2   0.0  1.009
 Май  17   4 19  12 52  21 23  134    4 32.5    22 00   0.618   11.00    0.09   3.0  21  4 21 23   0 20  235.9   0.0  1.011
 Май  25   3 58  12  9  20 18  128    4 22.0    20 23   0.554   12.11    0.01   5.6                      243.6   0.0  1.013
 Июнь  2   3 32  11 22  19 11  123    4 05.8    17 36   0.563   11.76    0.03   3.8                      251.3   0.0  1.014
 Июнь 10   3  3  10 46  18 30  120    4 00.7    16 24   0.637   10.30    0.14   2.0                      258.9   0.0  1.015
 Июнь 18   2 39  10 29  18 20  122    4 13.6    17 16   0.760    8.60    0.29   0.9                      266.6   0.0  1.016
 Июнь 26   2 22  10 29  18 39  127    4 44.7    19 33   0.918    7.13    0.47   0.1                      274.2   0.0  1.016
 Июль  4   2 19  10 48  19 18  132    5 33.7    22 07   1.092    6.01    0.69 - 0.7                      281.8   0.0  1.017
 Июль 12   2 41  11 23  20  4  135    6 39.0    23 33   1.246    5.31    0.90 - 1.4                      289.5   0.0  1.017
 Июль 20   3 33  12  5  20 34  132    7 52.6    22 26   1.331    5.01    1.00 - 2.1                      297.1   0.0  1.016
 Июль 28   4 40  12 42  20 41  125    9 01.8    18 47   1.332    5.03    0.96 - 1.2                      304.7   0.0  1.015
 Авг.  5   5 43  13  9  20 31  114   10 00.8    13 39   1.279    5.26    0.87 - 0.5                      312.4   0.0  1.014
 Авг. 13   6 36  13 26  20 14  104   10 50.3     7 00   1.197    5.63    0.79 - 0.1                      320.1   0.0  1.013
 Авг. 21   7 19  13 36  19 51   94   11 31.8     2 26   1.099    6.14    0.70   0.1                      327.8   0.0  1.012
 Авг. 29   7 50  13 38  19 24   86   12 05.9   - 2 37   0.988    6.85    0.59   0.3                      335.5   0.0  1.010
 Сен.  6   8  6  13 31  18 54   79   12 31.2   - 6 39   0.869    7.80    0.47   0.5                      343.2  -0.0  1.008
 Сен. 14   7 57  13  9  18 21   75   12 42.5   - 8 49   0.750    9.05    0.29   1.0                      351.0   0.0  1.006
 Сен. 22   7  6  12 26  17 46   78   12 32.0   - 7 36   0.661   10.18    0.08   2.9                      358.8   0.0  1.004
 Сен. 30   5 39  11 27  17 18   87   12 04.7   - 2 35   0.671    9.84    0.02   3.8                        6.6  -0.0  1.002
 Окт.  8   4 38  10 48  16 59   93   11 55.3     1 12   0.823    7.93    0.28   0.3   4 38  5 32   0 54   14.5  -0.0  0.999
 Окт. 16   4 41  10 44  16 45   90   12 20.9   - 0 11   1.044    6.29    0.65 - 0.8   4 41  5 47   1  6   22.4   0.0  0.997
 Окт. 24   5 21  10 57  16 31   82   13 04.9   - 4 49   1.232    5.37    0.87 - 0.9   5 21  6  2   0 41   30.4  -0.0  0.995
 Hоя.  1   6 11  11 14  16 16   72   13 53.9   -10 16   1.356    4.90    0.97 - 1.0   6 11  6 17   0  6   38.4  -0.0  0.993
 Hоя.  9   7  2  11 33  16  3   63   14 43.8   -15 23   1.424    4.68    1.00 - 1.2                       46.4  -0.0  0.991
 Hоя. 17   7 51  11 52  15 52   55   15 34.6   -19 42   1.448    4.61    1.00 - 1.1                       54.4  -0.0  0.989
 Hоя. 25   8 37  12 13  15 48   48   16 26.8   -22 59   1.435    4.67    0.99 - 0.7                       62.5  -0.0  0.987
 Дек.  3   9 17  12 35  15 53   43   17 20.4   -25 02   1.386    4.85    0.96 - 0.6                       70.6  -0.0  0.986
 Дек. 11   9 45  12 58  16 11   42   18 14.5   -25 40   1.296    5.19    0.90 - 0.5                       78.7  -0.0  0.985
 Дек. 19   9 56  13 18  16 41   45   19 06.3   -24 44   1.161    5.83    0.80 - 0.6  16 26 16 41   0 15   86.9  -0.0  0.984
 Дек. 27   9 45  13 27  17 10   50   19 48.1   -22 27   0.978    6.97    0.58 - 0.4  16 31 17 10   0 39   95.0  -0.0  0.983
 Янв.  4   9  5  13  5  17  7   55   20 01.1   -19 50   0.777    8.78    0.22   1.1  16 39 17  7   0 28  103.2  -0.0  0.983
