
                                                           Нептун


  Широта  55°

          ├────  Долгота = 0° ────┤  ├──────────────  0 ч. Всем. Вp.  ─────────────┤├── Долгота = 0° ──┤├─  0 ч. Вс. Вp. ─┤ 

  Дата     Восх.  В.К.   Зах.   ёА    Пp.Восх.    Скл.  Геоц.Р.   Диам.  Фаза  Зв.В. Вид.H. Вид.К. Ин.В. Долг.  Шиp. Гел.Р.

  2002     ч  м   ч  м   ч  м    °    ч   м      °  `    А.Е.     "                   ч  м  ч  м   ч  м    °     °    А.Е.  

 Янв.  1   9 44  13 55  18  7   58   20 39.3   -18 18  30.968    2.36    1.00   8.0  16 36 18  7   1 31  308.3   0.1 30.096
 Янв.  9   9 13  13 25  17 37   58   20 40.4   -18 14  31.023    2.36    1.00   8.0  16 45 17 37   0 51  308.3   0.1 30.096
 Янв. 17   8 42  12 55  17  7   58   20 41.7   -18 10  31.059    2.35    1.00   8.0  16 57 17  7   0 10  308.4   0.1 30.095
 Янв. 25   8 11  12 24  16 37   58   20 42.9   -18 05  31.078    2.35    1.00   8.0                      308.4   0.1 30.095
 Фев.  2   7 41  11 54  16  8   58   20 44.1   -18 01  31.077    2.35    1.00   8.0                      308.5   0.1 30.095
 Фев. 10   7 10  11 24  15 38   59   20 45.3   -17 56  31.059    2.35    1.00   8.0                      308.5   0.1 30.094
 Фев. 18   6 39  10 54  15  8   59   20 46.5   -17 51  31.022    2.36    1.00   8.0                      308.6   0.1 30.094
 Фев. 26   6  8  10 23  14 38   59   20 47.7   -17 47  30.967    2.36    1.00   8.0   6  8  6 14   0  6  308.6   0.1 30.094
 Март  6   5 37   9 53  14  9   59   20 48.8   -17 43  30.896    2.37    1.00   8.0   5 37  5 55   0 17  308.7   0.1 30.094
 Март 14   5  7   9 23  13 39   59   20 49.8   -17 39  30.810    2.37    1.00   8.0   5  7  5 35   0 28  308.7   0.1 30.093
 Март 22   4 36   8 52  13  8   59   20 50.7   -17 35  30.711    2.38    1.00   8.0   4 36  5 14   0 39  308.8   0.1 30.093
 Март 30   4  5   8 21  12 38   59   20 51.5   -17 32  30.600    2.39    1.00   8.0   4  5  4 53   0 49  308.8   0.1 30.093
 Апр.  7   3 33   7 51  12  8   59   20 52.2   -17 29  30.480    2.40    1.00   7.9   3 33  4 32   0 58  308.9   0.1 30.093
 Апр. 15   3  2   7 20  11 37   59   20 52.8   -17 27  30.352    2.41    1.00   7.9   3  2  4 10   1  8  308.9   0.1 30.093
 Апр. 23   2 31   6 49  11  6   60   20 53.2   -17 25  30.219    2.42    1.00   7.9   2 31  3 49   1 18  308.9   0.1 30.092
 Май   1   2  0   6 17  10 35   60   20 53.5   -17 24  30.084    2.43    1.00   7.9   2  0  3 28   1 28  309.0   0.1 30.092
 Май   9   1 28   5 46  10  4   60   20 53.6   -17 24  29.948    2.44    1.00   7.9   1 28  3  9   1 40  309.0   0.1 30.092
 Май  17   0 57   5 15   9 32   60   20 53.6   -17 24  29.815    2.45    1.00   7.9   0 57  2 50   1 53  309.1   0.1 30.092
 Май  25   0 25   4 43   9  1   60   20 53.5   -17 24  29.686    2.46    1.00   7.9   0 25  2 34   2  8  309.1   0.1 30.091
 Июнь  2  23 50   4 11   8 29   59   20 53.2   -17 25  29.565    2.47    1.00   7.9  23 54  2 21   2 27  309.2   0.1 30.091
 Июнь 10  23 18   3 40   7 57   59   20 52.9   -17 27  29.453    2.48    1.00   7.9  23 22  2 12   2 50  309.2   0.1 30.091
 Июнь 18  22 47   3  8   7 25   59   20 52.3   -17 29  29.352    2.49    1.00   7.9  22 51  2  8   3 17  309.3   0.1 30.091
 Июнь 26  22 15   2 36   6 52   59   20 51.7   -17 32  29.265    2.50    1.00   7.9  22 19  2 10   3 52  309.3   0.1 30.090
 Июль  4  21 43   2  3   6 20   59   20 51.0   -17 35  29.192    2.50    1.00   7.8  21 50  2 18   4 27  309.4   0.1 30.090
 Июль 12  21 11   1 31   5 47   59   20 50.3   -17 38  29.136    2.51    1.00   7.8  21 41  2 30   4 50  309.4   0.1 30.090
 Июль 20  20 39   0 59   5 15   59   20 49.4   -17 41  29.098    2.51    1.00   7.8  21 27  2 45   5 18  309.5   0.1 30.090
 Июль 28  20  7   0 27   4 42   59   20 48.6   -17 45  29.078    2.51    1.00   7.8  21 10  3  3   5 52  309.5   0.1 30.089
 Авг.  5  19 35  23 50   4  9   59   20 47.7   -17 48  29.076    2.51    1.00   7.8  20 52  3 20   6 28  309.6   0.1 30.089
 Авг. 13  19  3  23 18   3 36   59   20 46.8   -17 52  29.093    2.51    1.00   7.8  20 32  3 36   7  4  309.6   0.1 30.089
 Авг. 21  18 32  22 46   3  4   59   20 46.0   -17 55  29.129    2.51    1.00   7.8  20 11  3  4   6 53  309.7   0.1 30.089
 Авг. 29  18  0  22 13   2 31   58   20 45.2   -17 58  29.182    2.50    1.00   7.8  19 50  2 31   6 41  309.7   0.1 30.088
 Сен.  6  17 28  21 41   1 59   58   20 44.5   -18 01  29.252    2.50    1.00   7.9  19 28  1 59   6 30  309.8   0.1 30.088
 Сен. 14  16 56  21  9   1 26   58   20 43.8   -18 04  29.338    2.49    1.00   7.9  19  7  1 26   6 20  309.8   0.1 30.088
 Сен. 22  16 24  20 37   0 54   58   20 43.3   -18 06  29.438    2.48    1.00   7.9  18 45  0 54   6  9  309.9   0.1 30.088
 Сен. 30  15 53  20  5   0 22   58   20 42.9   -18 08  29.550    2.47    1.00   7.9  18 25  0 22   5 57  309.9   0.1 30.087
 Окт.  8  15 21  19 34  23 46   58   20 42.6   -18 09  29.672    2.46    1.00   7.9  18  2 23 46   5 44  309.9   0.1 30.087
 Окт. 16  14 50  19  2  23 14   58   20 42.4   -18 10  29.801    2.45    1.00   7.9  17 43 23 14   5 31  310.0   0.1 30.087
 Окт. 24  14 18  18 30  22 43   58   20 42.4   -18 10  29.936    2.44    1.00   7.9  17 25 22 43   5 18  310.0   0.1 30.087
 Hоя.  1  13 47  17 59  22 12   58   20 42.6   -18 09  30.073    2.43    1.00   7.9  17  9 22 12   5  3  310.1   0.1 30.087
 Hоя.  9  13 15  17 28  21 41   58   20 42.8   -18 08  30.210    2.42    1.00   7.9  16 55 21 41   4 46  310.1   0.1 30.086
 Hоя. 17  12 44  16 57  21 10   58   20 43.3   -18 07  30.344    2.41    1.00   7.9  16 43 21 10   4 27  310.2   0.0 30.086
 Hоя. 25  12 13  16 26  20 39   58   20 43.8   -18 05  30.474    2.40    1.00   7.9  16 33 20 39   4  6  310.2   0.0 30.086
 Дек.  3  11 42  15 55  20  9   58   20 44.5   -18 02  30.595    2.39    1.00   8.0  16 27 20  9   3 41  310.3   0.0 30.086
 Дек. 11  11 11  15 25  19 38   58   20 45.4   -17 59  30.707    2.38    1.00   8.0  16 25 19 38   3 14  310.3   0.0 30.085
 Дек. 19  10 40  14 54  19  8   59   20 46.3   -17 56  30.806    2.37    1.00   8.0  16 26 19  8   2 42  310.4   0.0 30.085
 Дек. 27  10  9  14 24  18 38   59   20 47.3   -17 52  30.892    2.36    1.00   8.0  16 31 18 38   2  8  310.4   0.0 30.085
 Янв.  4   9 38  13 53  18  8   59   20 48.4   -17 48  30.962    2.36    1.00   8.0  16 39 18  8   1 30  310.5   0.0 30.085
