
                                                           Плутон


  Широта  55°

          ├────  Долгота = 0° ────┤  ├──────────────  0 ч. Всем. Вp.  ─────────────┤├── Долгота = 0° ──┤├─  0 ч. Вс. Вp. ─┤ 

  Дата     Восх.  В.К.   Зах.   ёА    Пp.Восх.    Скл.  Геоц.Р.   Диам.  Фаза  Зв.В. Вид.H. Вид.К. Ин.В. Долг.  Шиp. Гел.Р.

  2002     ч  м   ч  м   ч  м    °    ч   м      °  `    А.Е.     "                   ч  м  ч  м   ч  м    °     °    А.Е.  

 Янв.  1   5 33  10 20  15  7   68   17 03.5   -12 00  31.341    0.64    1.00  13.9   5 33  7 31   1 58  255.2  10.0 30.461
 Янв.  9   5  3   9 50  14 36   68   17 04.6   -13 01  31.279    0.64    1.00  13.9   5  3  7 29   2 26  255.3  10.0 30.464
 Янв. 17   4 33   9 19  14  6   68   17 05.7   -13 02  31.201    0.64    1.00  13.9   4 33  7 23   2 50  255.3  10.0 30.467
 Янв. 25   4  2   8 49  13 35   68   17 06.6   -13 02  31.109    0.64    1.00  13.9   4  2  7 14   3 12  255.4  10.0 30.469
 Фев.  2   3 32   8 18  13  5   68   17 07.5   -13 02  31.005    0.65    1.00  13.9   3 32  7  2   3 30  255.4  10.0 30.472
 Фев. 10   3  1   7 47  12 34   68   17 08.3   -13 01  30.891    0.65    1.00  13.9   3  1  6 48   3 47  255.5  10.0 30.475
 Фев. 18   2 30   7 17  12  3   68   17 08.9   -13 00  30.768    0.65    1.00  13.9   2 30  6 31   4  1  255.5  10.0 30.478
 Фев. 26   1 59   6 46  11 32   68   17 09.4   -12 59  30.639    0.65    1.00  13.9   1 59  6 14   4 15  255.6  10.0 30.481
 Март  6   1 28   6 14  11  1   68   17 09.7   -12 58  30.507    0.66    1.00  13.8   1 28  5 55   4 27  255.7   9.9 30.484
 Март 14   0 56   5 43  10 30   68   17 09.9   -12 56  30.375    0.66    1.00  13.8   0 56  5 35   4 39  255.7   9.9 30.487
 Март 22   0 25   5 12   9 59   68   17 10.0   -12 54  30.244    0.66    1.00  13.8   0 25  5 14   4 50  255.8   9.9 30.489
 Март 30  23 49   4 40   9 28   68   17 09.9   -12 52  30.117    0.66    1.00  13.8  23 53  4 53   5  1  255.8   9.9 30.492
 Апр.  7  23 17   4  9   8 56   68   17 09.7   -12 50  29.998    0.67    1.00  13.8  23 21  4 32   5 11  255.9   9.9 30.495
 Апр. 15  22 45   3 37   8 25   68   17 09.3   -12 48  29.888    0.67    1.00  13.8  22 49  4 10   5 21  255.9   9.9 30.498
 Апр. 23  22 13   3  5   7 53   68   17 08.8   -12 46  29.788    0.67    1.00  13.8  22 17  3 49   5 33  256.0   9.9 30.501
 Май   1  21 41   2 33   7 21   68   17 08.3   -12 44  29.703    0.67    1.00  13.8  21 45  3 28   5 43  256.0   9.9 30.504
 Май   9  21  8   2  1   6 49   68   17 07.6   -12 43  29.632    0.67    1.00  13.8  21 12  3  9   5 57  256.1   9.8 30.507
 Май  17  20 36   1 29   6 17   68   17 06.8   -12 41  29.577    0.68    1.00  13.8  21  1  2 50   5 49  256.1   9.8 30.510
 Май  25  20  4   0 56   5 45   68   17 06.0   -12 40  29.540    0.68    1.00  13.8  21 19  2 34   5 15  256.2   9.8 30.513
 Июнь  2  19 31   0 24   5 13   68   17 05.2   -12 39  29.521    0.68    1.00  13.8  21 34  2 21   4 47  256.2   9.8 30.516
 Июнь 10  18 59  23 48   4 40   68   17 04.3   -12 39  29.520    0.68    1.00  13.8  21 46  2 12   4 26  256.3   9.8 30.519
 Июнь 18  18 26  23 15   4  8   68   17 03.4   -12 38  29.537    0.68    1.00  13.8  21 53  2  8   4 14  256.3   9.8 30.521
 Июнь 26  17 54  22 43   3 36   68   17 02.6   -12 39  29.573    0.68    1.00  13.8  21 55  2 10   4 16  256.4   9.8 30.524
 Июль  4  17 22  22 11   3  4   68   17 01.8   -12 39  29.626    0.67    1.00  13.8  21 50  2 18   4 27  256.4   9.8 30.527
 Июль 12  16 50  21 39   2 31   68   17 01.1   -12 40  29.696    0.67    1.00  13.8  21 41  2 30   4 50  256.5   9.7 30.530
 Июль 20  16 18  21  7   1 59   68   17 00.4   -12 42  29.780    0.67    1.00  13.8  21 27  1 59   4 32  256.5   9.7 30.533
 Июль 28  15 46  20 35   1 27   68   16 59.9   -12 44  29.879    0.67    1.00  13.8  21 10  1 27   4 16  256.6   9.7 30.536
 Авг.  5  15 15  20  3   0 55   68   16 59.5   -12 46  29.989    0.67    1.00  13.8  20 52  0 55   4  3  256.6   9.7 30.539
 Авг. 13  14 43  19 31   0 23   68   16 59.1   -12 49  30.109    0.66    1.00  13.8  20 32  0 23   3 51  256.7   9.7 30.542
 Авг. 21  14 12  18 59  23 47   68   16 59.0   -12 52  30.236    0.66    1.00  13.8  20  8 23 47   3 38  256.7   9.7 30.545
 Авг. 29  13 41  18 28  23 15   68   16 58.9   -12 55  30.369    0.66    1.00  13.8  19 47 23 15   3 28  256.8   9.7 30.548
 Сен.  6  13 10  17 56  22 43   68   16 59.0   -12 58  30.505    0.66    1.00  13.8  19 25 22 43   3 18  256.8   9.7 30.551
 Сен. 14  12 39  17 25  22 12   68   16 59.2   -13 02  30.642    0.65    1.00  13.9  19  4 22 12   3  8  256.9   9.6 30.554
 Сен. 22  12  8  16 54  21 40   68   16 59.6   -13 06  30.776    0.65    1.00  13.9  18 43 21 40   2 57  256.9   9.6 30.557
 Сен. 30  11 38  16 23  21  9   67   17 00.1   -13 10  30.907    0.65    1.00  13.9  18 22 21  9   2 47  257.0   9.6 30.560
 Окт.  8  11  7  15 52  20 38   67   17 00.8   -13 14  31.031    0.64    1.00  13.9  18  2 20 38   2 36  257.0   9.6 30.563
 Окт. 16  10 37  15 22  20  6   67   17 01.5   -13 18  31.146    0.64    1.00  13.9  17 43 20  6   2 23  257.1   9.6 30.566
 Окт. 24  10  7  14 51  19 35   67   17 02.4   -13 22  31.250    0.64    1.00  13.9  17 25 19 35   2 10  257.1   9.6 30.569
 Hоя.  1   9 37  14 21  19  5   67   17 03.4   -13 25  31.341    0.64    1.00  13.9  17  9 19  5   1 56  257.2   9.6 30.572
 Hоя.  9   9  7  13 50  18 34   67   17 04.4   -13 29  31.418    0.64    1.00  13.9  16 55 18 34   1 39  257.2   9.6 30.575
 Hоя. 17   8 37  13 20  18  3   67   17 05.5   -13 32  31.479    0.64    1.00  13.9  16 43 18  3   1 20  257.3   9.5 30.578
 Hоя. 25   8  7  12 50  17 33   67   17 06.7   -13 36  31.524    0.63    1.00  13.9  16 33 17 33   0 59  257.3   9.5 30.581
 Дек.  3   7 37  12 19  17  2   67   17 07.9   -13 38  31.550    0.63    1.00  13.9  16 27 17  2   0 35  257.4   9.5 30.584
 Дек. 11   7  7  11 49  16 31   67   17 09.2   -13 41  31.558    0.63    1.00  13.9   7  7  7 21   0 14  257.4   9.5 30.587
 Дек. 19   6 37  11 19  16  1   66   17 10.4   -13 43  31.548    0.63    1.00  13.9   6 37  7 27   0 50  257.5   9.5 30.590
 Дек. 27   6  7  10 49  15 31   66   17 11.6   -13 45  31.520    0.63    1.00  13.9   6  7  7 31   1 24  257.5   9.5 30.593
 Янв.  4   5 37  10 18  15  0   66   17 12.8   -13 46  31.474    0.64    1.00  13.9   5 37  7 31   1 54  257.6   9.5 30.596
