
                                                           Сатурн


  Широта  55°

          ├────  Долгота = 0° ────┤  ├──────────────  0 ч. Всем. Вp.  ─────────────┤├── Долгота = 0° ──┤├─  0 ч. Вс. Вp. ─┤ 

  Дата     Восх.  В.К.   Зах.   ёА    Пp.Восх.    Скл.  Геоц.Р.   Диам.  Фаза  Зв.В. Вид.H. Вид.К. Ин.В. Долг.  Шиp. Гел.Р.

  2002     ч  м   ч  м   ч  м    °    ч   м      °  `    А.Е.     "                   ч  м  ч  м   ч  м    °     °    А.Е.  

 Янв.  1  13 37  21 46   6  0  128    4 31.7    20 04   8.207   20.32    1.00 - 0.3  16 35  6  0  13 25   72.5  -1.6  9.063
 Янв.  9  13  4  21 13   5 26  128    4 29.7    20 01   8.284   20.13    1.00 - 0.2  16 44  5 26  12 42   72.8  -1.6  9.062
 Янв. 17  12 31  20 40   4 53  128    4 28.2    19 00   8.376   19.91    1.00 - 0.2  16 56  4 53  11 57   73.1  -1.6  9.061
 Янв. 25  11 58  20  7   4 20  128    4 27.0    19 59   8.481   19.66    1.00 - 0.1  17  9  4 20  11 11   73.4  -1.6  9.060
 Фев.  2  11 26  19 35   3 48  128    4 26.4    19 00   8.597   19.40    1.00 - 0.1  17 24  3 48  10 24   73.7  -1.6  9.059
 Фев. 10  10 54  19  3   3 17  128    4 26.2    20 01   8.721   19.12    1.00 - 0.0  17 39  3 17   9 37   74.0  -1.6  9.058
 Фев. 18  10 23  18 32   2 46  128    4 26.6    20 04   8.851   18.84    1.00   0.0  17 55  2 46   8 51   74.3  -1.6  9.058
 Фев. 26   9 52  18  2   2 16  128    4 27.4    20 08   8.983   18.56    1.00   0.0  18 11  2 16   8  5   74.6  -1.6  9.057
 Март  6   9 21  17 32   1 46  128    4 28.8    20 13   9.116   18.29    1.00   0.1  18 27  1 46   7 20   74.9  -1.6  9.056
 Март 14   8 51  17  2   1 17  128    4 30.6    20 19   9.247   18.03    1.00   0.1  18 42  1 17   6 35   75.2  -1.5  9.055
 Март 22   8 20  16 33   0 49  129    4 32.8    20 26   9.373   17.79    1.00   0.1  18 58  0 49   5 51   75.5  -1.5  9.054
 Март 30   7 51  16  4   0 21  129    4 35.4    20 33   9.493   17.56    1.00   0.1  19 15  0 21   5  6   75.8  -1.5  9.054
 Апр.  7   7 21  15 36  23 50  129    4 38.4    20 40   9.605   17.33    1.00   0.1  19 34 23 50   4 17   76.1  -1.5  9.053
 Апр. 15   6 52  15  8  23 23  129    4 41.7    20 48   9.708   17.15    1.00   0.1  19 51 23 23   3 32   76.4  -1.5  9.052
 Апр. 23   6 23  14 40  22 56  130    4 45.3    20 56   9.799   16.99    1.00   0.1  20  9 22 56   2 48   76.7  -1.5  9.052
 Май   1   5 54  14 12  22 30  130    4 49.2    21 04   9.878   16.86    1.00   0.1  20 27 22 30   2  3   77.0  -1.5  9.051
 Май   9   5 26  13 45  22  3  130    4 53.2    21 12   9.944   16.75    1.00   0.1  20 45 22  3   1 18   77.3  -1.5  9.050
 Май  17   4 58  13 17  21 37  130    4 57.4    21 20   9.996   16.67    1.00   0.1  21  4 21 37   0 34   77.6  -1.5  9.049
 Май  25   4 30  12 50  21 11  131    5 01.7    21 27  10.033   16.61    1.00   0.1                       77.9  -1.5  9.049
 Июнь  2   4  2  12 23  20 45  131    5 06.1    21 33  10.055   16.57    1.00   0.0                       78.2  -1.4  9.048
 Июнь 10   3 34  11 56  20 19  131    5 10.6    21 40  10.062   16.56    1.00   0.0                       78.5  -1.4  9.047
 Июнь 18   3  6  11 29  19 52  131    5 15.0    21 45  10.054   16.58    1.00   0.0                       78.8  -1.4  9.047
 Июнь 26   2 38  11  2  19 26  132    5 19.4    21 50  10.031   16.62    1.00   0.1                       79.0  -1.4  9.046
 Июль  4   2 11  10 35  18 59  132    5 23.8    21 54   9.992   16.69    1.00   0.1   2 11  2 18   0  7   79.3  -1.4  9.046
 Июль 12   1 43  10  8  18 33  132    5 28.0    21 58   9.940   16.78    1.00   0.1   1 43  2 30   0 48   79.6  -1.4  9.045
 Июль 20   1 15   9 40  18  6  132    5 32.1    22 01   9.873   16.90    1.00   0.1   1 15  2 45   1 30   79.9  -1.4  9.044
 Июль 28   0 47   9 13  17 38  132    5 36.0    22 04   9.794   17.03    1.00   0.1   0 47  3  3   2 16   80.2  -1.4  9.044
 Авг.  5   0 19   8 45  17 11  132    5 39.6    22 05   9.703   17.20    1.00   0.1   0 19  3 20   3  1   80.5  -1.4  9.043
 Авг. 13  23 47   8 17  16 43  132    5 43.0    22 07   9.601   17.36    1.00   0.1  23 51  3 38   3 48   80.8  -1.3  9.043
 Авг. 21  23 19   7 48  16 15  132    5 46.1    22 08   9.489   17.56    1.00   0.1  23 22  3 56   4 33   81.1  -1.3  9.042
 Авг. 29  22 50   7 20  15 46  132    5 48.8    22 08   9.370   17.79    1.00   0.1  22 53  4 13   5 19   81.4  -1.3  9.042
 Сен.  6  22 21   6 50  15 17  132    5 51.2    22 08   9.244   18.03    1.00   0.1  22 24  4 29   6  5   81.7  -1.3  9.041
 Сен. 14  21 51   6 21  14 47  132    5 53.1    22 08   9.115   18.28    1.00   0.1  21 55  4 45   6 50   82.0  -1.3  9.041
 Сен. 22  21 21   5 51  14 17  132    5 54.5    22 08   8.983   18.55    1.00   0.0  21 25  5  1   7 37   82.3  -1.3  9.040
 Сен. 30  20 50   5 20  13 47  132    5 55.5    22 08   8.851   18.83    1.00   0.0  20 54  5 16   8 22   82.6  -1.3  9.040
 Окт.  8  20 19   4 49  13 15  132    5 56.0    22 07   8.721   19.11    1.00 - 0.0  20 23  5 32   9  9   82.9  -1.3  9.039
 Окт. 16  19 48   4 18  12 44  132    5 56.0    22 07   8.597   19.38    1.00 - 0.1  19 52  5 47   9 55   83.2  -1.3  9.039
 Окт. 24  19 16   3 46  12 12  132    5 55.4    22 06   8.479   19.65    1.00 - 0.1  19 20  6  2  10 42   83.5  -1.2  9.038
 Hоя.  1  18 44   3 13  11 39  132    5 54.4    22 06   8.372   19.90    1.00 - 0.2  18 48  6 17  11 29   83.8  -1.2  9.038
 Hоя.  9  18 11   2 40  11  6  132    5 52.9    22 06   8.277   20.13    1.00 - 0.2  18 15  6 32  12 17   84.1  -1.2  9.038
 Hоя. 17  17 37   2  7  10 33  132    5 51.0    22 05   8.196   20.33    1.00 - 0.3  17 41  6 46  13  5   84.4  -1.2  9.037
 Hоя. 25  17  4   1 33   9 59  132    5 48.7    22 05   8.132   20.49    1.00 - 0.3  17  8  6 59  13 51   84.7  -1.2  9.037
 Дек.  3  16 30   0 59   9 25  132    5 46.1    22 04   8.085   20.61    1.00 - 0.4  16 34  7 11  14 37   85.0  -1.2  9.036
 Дек. 11  15 55   0 25   8 51  132    5 43.4    22 04   8.059   20.68    1.00 - 0.4  16 25  7 21  14 56   85.3  -1.2  9.036
 Дек. 19  15 21  23 47   8 16  132    5 40.6    22 03   8.052   20.70    1.00 - 0.5  16 26  7 27  15  1   85.6  -1.2  9.036
 Дек. 27  14 47  23 12   7 42  132    5 37.7    22 03   8.066   20.67    1.00 - 0.4  16 30  7 31  15  1   85.9  -1.2  9.035
 Янв.  4  14 13  22 38   7  8  132    5 35.0    22 02   8.100   20.58    1.00 - 0.4  16 37  7  8  14 30   86.2  -1.1  9.035
