
                                                             Уран


  Широта  55°

          ├────  Долгота = 0° ────┤  ├──────────────  0 ч. Всем. Вp.  ─────────────┤├── Долгота = 0° ──┤├─  0 ч. Вс. Вp. ─┤ 

  Дата     Восх.  В.К.   Зах.   ёА    Пp.Восх.    Скл.  Геоц.Р.   Диам.  Фаза  Зв.В. Вид.H. Вид.К. Ин.В. Долг.  Шиp. Гел.Р.

  2002     ч  м   ч  м   ч  м    °    ч   м      °  `    А.Е.     "                   ч  м  ч  м   ч  м    °     °    А.Е.  

 Янв.  1  10 20  14 56  19 32   65   21 40.2   -14 41  20.707    3.31    1.00   5.9  16 36 19 32   2 56  324.3  -0.7 19.988
 Янв.  9   9 49  14 26  19  3   65   21 41.7   -14 34  20.793    3.30    1.00   5.9  16 45 19  3   2 17  324.4  -0.7 19.989
 Янв. 17   9 19  13 56  18 34   65   21 43.3   -14 25  20.864    3.28    1.00   5.9  16 57 18 34   1 36  324.5  -0.7 19.989
 Янв. 25   8 48  13 26  18  5   65   21 45.0   -14 17  20.919    3.28    1.00   5.9  17 11 18  5   0 54  324.6  -0.7 19.990
 Фев.  2   8 17  12 57  17 36   66   21 46.8   -14 08  20.956    3.27    1.00   5.9  17 26 17 36   0 10  324.7  -0.7 19.990
 Фев. 10   7 47  12 27  17  8   66   21 48.6   -13 59  20.976    3.27    1.00   5.9                      324.8  -0.7 19.991
 Фев. 18   7 16  11 57  16 39   66   21 50.3   -13 49  20.977    3.27    1.00   5.9                      324.8  -0.7 19.992
 Фев. 26   6 45  11 28  16 10   67   21 52.1   -13 40  20.961    3.27    1.00   5.9                      324.9  -0.7 19.992
 Март  6   6 15  10 58  15 41   67   21 53.9   -13 31  20.927    3.28    1.00   5.9                      325.0  -0.7 19.993
 Март 14   5 44  10 28  15 13   67   21 55.6   -13 22  20.876    3.28    1.00   5.9                      325.1  -0.7 19.994
 Март 22   5 13   9 58  14 44   67   21 57.2   -13 14  20.809    3.30    1.00   5.9   5 13  5 14   0  1  325.2  -0.7 19.994
 Март 30   4 42   9 28  14 14   68   21 58.7   -13 06  20.727    3.31    1.00   5.9   4 42  4 53   0 11  325.3  -0.7 19.995
 Апр.  7   4 11   8 58  13 45   68   22 00.0   -12 59  20.632    3.32    1.00   5.9   4 11  4 32   0 20  325.4  -0.7 19.995
 Апр. 15   3 41   8 28  13 15   68   22 01.3   -12 53  20.525    3.34    1.00   5.9   3 41  4 10   0 30  325.5  -0.7 19.996
 Апр. 23   3 10   7 58  12 46   68   22 02.3   -12 47  20.409    3.36    1.00   5.9   3 10  3 49   0 40  325.5  -0.7 19.997
 Май   1   2 39   7 27  12 16   68   22 03.2   -12 43  20.284    3.38    1.00   5.8   2 39  3 28   0 50  325.6  -0.7 19.997
 Май   9   2  7   6 56  11 45   68   22 04.0   -12 39  20.155    3.40    1.00   5.8   2  7  3  9   1  1  325.7  -0.7 19.998
 Май  17   1 36   6 25  11 14   69   22 04.5   -12 36  20.022    3.43    1.00   5.8   1 36  2 50   1 14  325.8  -0.7 19.998
 Май  25   1  5   5 54  10 43   69   22 04.8   -12 35  19.888    3.45    1.00   5.8   1  5  2 34   1 29  325.9  -0.7 19.999
 Июнь  2   0 34   5 23  10 12   69   22 05.0   -12 35  19.756    3.47    1.00   5.8   0 34  2 21   1 47  326.0  -0.7 20.000
 Июнь 10   0  2   4 51   9 41   69   22 04.9   -12 35  19.628    3.50    1.00   5.8   0  2  2 12   2 10  326.1  -0.7 20.000
 Июнь 18  23 27   4 20   9  9   69   22 04.6   -12 37  19.506    3.51    1.00   5.8  23 31  2  8   2 37  326.1  -0.7 20.001
 Июнь 26  22 55   3 48   8 36   68   22 04.2   -12 40  19.392    3.53    1.00   5.8  22 59  2 10   3 11  326.2  -0.7 20.001
 Июль  4  22 23   3 16   8  4   68   22 03.6   -12 43  19.290    3.55    1.00   5.7  22 27  2 18   3 50  326.3  -0.7 20.002
 Июль 12  21 52   2 43   7 31   68   22 02.8   -12 48  19.200    3.57    1.00   5.7  21 56  2 30   4 35  326.4  -0.7 20.002
 Июль 20  21 20   2 11   6 58   68   22 01.8   -12 53  19.124    3.58    1.00   5.7  21 27  2 45   5 18  326.5  -0.7 20.003
 Июль 28  20 48   1 39   6 25   68   22 00.8   -12 59  19.065    3.60    1.00   5.7  21 10  3  3   5 52  326.6  -0.7 20.004
 Авг.  5  20 16   1  6   5 52   68   21 59.7   -13 05  19.023    3.60    1.00   5.7  20 52  3 20   6 28  326.7  -0.7 20.004
 Авг. 13  19 44   0 33   5 19   67   21 58.5   -13 12  18.999    3.61    1.00   5.7  20 32  3 38   7  6  326.7  -0.7 20.005
 Авг. 21  19 12   0  1   4 45   67   21 57.2   -13 18  18.994    3.61    1.00   5.7  20 11  3 56   7 45  326.8  -0.7 20.005
 Авг. 29  18 40  23 24   4 12   67   21 56.0   -13 25  19.008    3.61    1.00   5.7  19 50  4 12   8 22  326.9  -0.7 20.006
 Сен.  6  18  8  22 51   3 39   67   21 54.8   -13 31  19.041    3.60    1.00   5.7  19 28  3 39   8 11  327.0  -0.7 20.007
 Сен. 14  17 36  22 19   3  5   67   21 53.7   -13 37  19.092    3.59    1.00   5.7  19  7  3  5   7 59  327.1  -0.7 20.007
 Сен. 22  17  4  21 46   2 32   67   21 52.7   -13 42  19.160    3.58    1.00   5.7  18 45  2 32   7 47  327.2  -0.7 20.008
 Сен. 30  16 32  21 14   2  0   66   21 51.8   -13 47  19.245    3.56    1.00   5.7  18 25  2  0   7 35  327.3  -0.7 20.008
 Окт.  8  16  0  20 42   1 27   66   21 51.0   -13 50  19.343    3.54    1.00   5.7  18  4  1 27   7 23  327.3  -0.7 20.009
 Окт. 16  15 29  20 10   0 55   66   21 50.4   -13 53  19.455    3.52    1.00   5.8  17 45  0 55   7  9  327.4  -0.7 20.009
 Окт. 24  14 57  19 38   0 23   66   21 50.0   -13 55  19.576    3.50    1.00   5.8  17 27  0 23   6 55  327.5  -0.7 20.010
 Hоя.  1  14 26  19  6  23 47   66   21 49.8   -13 56  19.706    3.48    1.00   5.8  17  9 23 47   6 38  327.6  -0.7 20.010
 Hоя.  9  13 54  18 35  23 16   66   21 49.8   -13 55  19.841    3.45    1.00   5.8  16 55 23 16   6 21  327.7  -0.7 20.011
 Hоя. 17  13 23  18  4  22 45   66   21 50.1   -13 54  19.978    3.43    1.00   5.8  16 43 22 45   6  2  327.8  -0.7 20.012
 Hоя. 25  12 51  17 33  22 14   66   21 50.5   -13 51  20.116    3.41    1.00   5.8  16 33 22 14   5 40  327.9  -0.7 20.012
 Дек.  3  12 20  17  2  21 43   66   21 51.1   -13 48  20.252    3.38    1.00   5.9  16 27 21 43   5 16  327.9  -0.7 20.013
 Дек. 11  11 49  16 31  21 13   67   21 52.0   -13 43  20.382    3.36    1.00   5.9  16 25 21 13   4 48  328.0  -0.7 20.013
 Дек. 19  11 18  16  1  20 44   67   21 53.0   -13 37  20.505    3.34    1.00   5.9  16 26 20 44   4 18  328.1  -0.7 20.014
 Дек. 27  10 47  15 31  20 14   67   21 54.2   -13 31  20.619    3.32    1.00   5.9  16 31 20 14   3 43  328.2  -0.7 20.014
 Янв.  4  10 16  15  0  19 45   67   21 55.5   -13 24  20.720    3.31    1.00   5.9  16 39 19 45   3  6  328.3  -0.7 20.015
