
                                                           Венера


  Широта  55°

          ├────  Долгота = 0° ────┤  ├──────────────  0 ч. Всем. Вp.  ─────────────┤├── Долгота = 0° ──┤├─  0 ч. Вс. Вp. ─┤ 

  Дата     Восх.  В.К.   Зах.   ёА    Пp.Восх.    Скл.  Геоц.Р.   Диам.  Фаза  Зв.В. Вид.H. Вид.К. Ин.В. Долг.  Шиp. Гел.Р.

  2002     ч  м   ч  м   ч  м    °    ч   м      °  `    А.Е.     "                   ч  м  ч  м   ч  м    °     °    А.Е.  

 Янв.  1   8 19  11 50  15 21   47   18 31.3   -23 39   1.707    9.85    1.00 - 3.9                      100.4  -0.0  0.983
 Янв.  9   8 26  12  2  15 39   48   19 15.1   -23 01   1.710    9.83    1.00 - 3.9                      108.5  -0.0  0.983
 Янв. 17   8 26  12 14  16  3   51   19 58.2   -21 38   1.711    9.83    1.00 - 3.9                      116.7  -0.0  0.984
 Янв. 25   8 20  12 24  16 29   56   20 40.3   -19 34   1.710    9.84    1.00 - 3.9                      124.8  -0.0  0.984
 Фев.  2   8 11  12 34  16 57   61   21 21.0   -16 53   1.706    9.86    1.00 - 3.8                      132.9  -0.0  0.985
 Фев. 10   7 57  12 41  17 26   67   22 00.5   -13 42   1.700    9.90    0.99 - 3.8                      141.0  -0.0  0.987
 Фев. 18   7 42  12 48  17 55   73   22 38.8   -10 08   1.690    9.96    0.99 - 3.8                      149.1  -0.0  0.988
 Фев. 26   7 25  12 54  18 24   80   23 16.0   - 6 16   1.678   10.03    0.98 - 3.8  18 13 18 24   0 11  157.2  -0.0  0.990
 Март  6   7  6  12 59  18 53   87   23 52.6   - 2 14   1.664   10.12    0.98 - 3.8  18 29 18 53   0 24  165.2  -0.0  0.992
 Март 14   6 48  13  3  19 21   95    0 28.9     1 53   1.646   10.23    0.97 - 3.8  18 44 19 21   0 36  173.2   0.0  0.994
 Март 22   6 29  13  8  19 49  102    1 05.2     5 57   1.625   10.36    0.96 - 3.8  19  0 19 49   0 49  181.2  -0.0  0.996
 Март 30   6 11  13 13  20 18  109    1 41.9     9 53   1.602   10.52    0.95 - 3.8  19 17 20 18   1  1  189.1  -0.0  0.999
 Апр.  7   5 53  13 19  20 47  116    2 19.2    13 35   1.575   10.70    0.94 - 3.8  19 34 20 47   1 14  197.0   0.0  1.001
 Апр. 15   5 37  13 26  21 17  122    2 57.6    16 55   1.544   10.92    0.93 - 3.8  19 51 21 17   1 26  204.8   0.0  1.003
 Апр. 23   5 24  13 34  21 46  128    3 37.0    19 48   1.511   11.16    0.91 - 3.8  20  9 21 46   1 37  212.6   0.0  1.005
 Май   1   5 15  13 43  22 13  132    4 17.5    22 08   1.474   11.45    0.89 - 3.8  20 27 22 13   1 46  220.4   0.0  1.007
 Май   9   5 10  13 53  22 37  136    4 59.0    23 49   1.434   11.77    0.88 - 3.8  20 45 22 37   1 52  228.2   0.0  1.009
 Май  17   5 12  14  4  22 56  138    5 41.2    24 47   1.390   12.15    0.86 - 3.8  21  4 22 56   1 52  235.9   0.0  1.011
 Май  25   5 21  14 15  23  8  139    6 23.5    24 00   1.344   12.57    0.84 - 3.8  21 21 23  8   1 47  243.6   0.0  1.013
 Июнь  2   5 37  14 25  23 12  137    7 05.3    24 27   1.294   13.06    0.81 - 3.8  21 36 23 12   1 36  251.3   0.0  1.014
 Июнь 10   5 58  14 34  23  9  134    7 46.3    23 11   1.242   13.61    0.79 - 3.9  21 47 23  9   1 22  258.9   0.0  1.015
 Июнь 18   6 22  14 42  23  1  130    8 26.0    21 15   1.187   14.25    0.76 - 3.9  21 54 23  1   1  7  266.6   0.0  1.016
 Июнь 26   6 48  14 49  22 47  125    9 04.1    18 44   1.131   14.97    0.73 - 3.9  21 55 22 47   0 53  274.2   0.0  1.016
 Июль  4   7 15  14 53  22 31  119    9 40.5    15 45   1.072   15.80    0.71 - 4.0  21 50 22 31   0 41  281.8   0.0  1.017
 Июль 12   7 40  14 57  22 11  112   10 15.2    12 21   1.011   16.75    0.68 - 4.0  21 39 22 11   0 32  289.5   0.0  1.017
 Июль 20   8  4  14 58  21 50  106   10 48.4     8 41   0.950   17.85    0.64 - 4.1  21 25 21 50   0 25  297.1   0.0  1.016
 Июль 28   8 27  14 58  21 27   99   11 20.2     4 50   0.887   19.12    0.61 - 4.1  21  8 21 27   0 19  304.7   0.0  1.015
 Авг.  5   8 49  14 57  21  4   92   11 50.6     0 53   0.823   20.61    0.57 - 4.2  20 49 21  4   0 14  312.4   0.0  1.014
 Авг. 13   9  9  14 55  20 39   85   12 19.9   - 3 05   0.759   22.35    0.54 - 4.3  20 29 20 39   0  9  320.1   0.0  1.013
 Авг. 21   9 28  14 51  20 13   78   12 48.0   - 6 57   0.696   24.42    0.50 - 4.4  20  8 20 13   0  4  327.8   0.0  1.012
 Авг. 29   9 46  14 46  19 46   72   13 14.8   -10 39   0.632   26.88    0.45 - 4.5                      335.5   0.0  1.010
 Сен.  6  10  1  14 40  19 18   65   13 39.9   -14 05   0.570   29.85    0.40 - 4.5                      343.2  -0.0  1.008
 Сен. 14  10 12  14 31  18 48   60   14 02.7   -17 11   0.509   33.44    0.35 - 4.6                      351.0   0.0  1.006
 Сен. 22  10 18  14 18  18 17   54   14 22.0   -19 49   0.450   37.80    0.29 - 4.7                      358.8   0.0  1.004
 Сен. 30  10 16  14  0  17 44   50   14 36.2   -21 50   0.396   43.01    0.22 - 4.7                        6.6  -0.0  1.002
 Окт.  8  10  1  13 35  17 10   48   14 43.3   -23 04   0.347   48.99    0.15 - 4.6                       14.5  -0.0  0.999
 Окт. 16   9 27  13  1  16 35   48   14 41.3   -23 13   0.308   55.20    0.08 - 4.3                       22.4   0.0  0.997
 Окт. 24   8 34  12 18  16  3   51   14 30.0   -21 57   0.281   60.23    0.03 - 3.9                       30.4  -0.0  0.995
 Hоя.  1   7 25  11 30  15 35   56   14 13.2   -19 20   0.271   62.09    0.00 - 3.5                       38.4  -0.0  0.993
 Hоя.  9   6 17  10 44  15 12   62   13 58.2   -16 04   0.279   59.87    0.03 - 4.0   6 17  6 32   0 15   46.4  -0.0  0.991
 Hоя. 17   5 20  10  6  14 52   68   13 50.8   -13 14   0.305   54.69    0.09 - 4.5   5 20  6 46   1 26   54.4  -0.0  0.989
 Hоя. 25   4 41   9 37  14 33   71   13 53.0   -11 31   0.343   48.49    0.16 - 4.7   4 41  6 59   2 19   62.5  -0.0  0.987
 Дек.  3   4 17   9 16  14 16   71   14 03.8   -11 01   0.390   42.60    0.23 - 4.8   4 17  7 11   2 54   70.6  -0.0  0.986
 Дек. 11   4  6   9  3  13 59   71   14 21.3   -11 29   0.444   37.52    0.30 - 4.8   4  6  7 21   3 15   78.7  -0.0  0.985
 Дек. 19   4  5   8 54  13 43   68   14 43.9   -12 38   0.500   33.28    0.36 - 4.7   4  5  7 27   3 23   86.9  -0.0  0.984
 Дек. 27   4 10   8 49  13 28   65   15 10.5   -14 11   0.560   29.78    0.41 - 4.6   4 10  7 31   3 21   95.0  -0.0  0.983
 Янв.  4   4 19   8 48  13 15   62   15 40.3   -15 54   0.620   26.91    0.46 - 4.6   4 19  7 31   3 12  103.2  -0.0  0.983
