 4.216247703360244E+04
-5.694063502876536E-02
 2.907388117354668E-01
-4.030571189314987E-02
 4.380535155102664E-01
 5.716050504046367E-02
-2.922756710983007E-01
-1.473083528813172E-02
 6.544949965385828E-02
 1.629072133465133E-03
-7.824735761879800E-03
-8.462504047201946E-05
 5.615704559694187E-04
 5.512175061958057E-05
 1.001777289968547E-05
-1.246322826505763E-05
-4.591164167693177E-06
 4.796172553337275E-07
 2.018512946400093E-07
-4.533400807203333E-07
 6.603614235574821E-09
 1.546418250479787E-06
-1.131130629153196E-08
-1.014091435255995E-06
 4.511948036854946E-08
 2.891491127632500E-07
 2.360053872203718E-02
-1.440511242446896E-05
-9.332361545750320E-07
 2.120020520385291E-07
-1.435847319952134E-06
 2.493890863293705E-07
 1.342244879055398E-06
-1.768790387771006E-07
-3.639232703058471E-07
 4.152228358527389E-08
 5.162329288963413E-08
-5.251309508496744E-09
-4.414920979281748E-09
 4.671479440650131E+00
-2.396884749502786E-04
 8.084800585587223E-06
 2.051480274408627E-06
-2.559593010499948E-06
-7.449071610388103E-05
 1.087423698430657E-05
 3.260566929512539E-05
-3.968648528303202E-06
-6.162130115095776E-06
 6.658766748930572E-07
 6.801754547625959E-07
-6.230602474980392E-08
 3.920255275276718E+00
-3.587966490256259E-01
-9.673878662822370E-02
 3.319735807612963E-01
 1.238319090236819E-02
-4.866802122635034E-02
-6.677065321727746E-04
-2.436268817889431E-02
 1.898404524702016E-03
 1.843832170844194E-02
-1.040826250412754E-03
-5.628884210955173E-03
 2.322982598876012E-04
 6.501151876752416E+00
 3.499931877332054E+00
 9.673179887370319E-02
-3.319693483276303E-01
-1.237762608287819E-02
 4.872398436995039E-02
 6.553853455524625E-04
 2.433655329288643E-02
-1.894195421012904E-03
-1.843318878967469E-02
 1.040141229144326E-03
 5.628300847330929E-03
-2.322352689070328E-04
 4.216245719364551E+04
-2.272853227550513E-01
 1.996192200055633E-01
-9.798697208708081E-02
 3.061069584050878E-01
 2.984884258979806E-01
-2.006776424095733E-01
-1.054741712925114E-01
 4.427940703373259E-02
 1.699851166127841E-02
-5.204771549100630E-03
-1.626896997689843E-03
 3.660318588327545E-04
 5.853683693148465E-05
 1.668645804008143E-05
-2.538722499950071E-06
-1.114785749219172E-05
-6.459293501495644E-08
 1.127524832092881E-06
-1.067229804165678E-06
-6.066001876849181E-07
 1.185447982867012E-06
 7.286582113428213E-07
-5.663790721960603E-07
-4.193213817072359E-07
 1.477674430929838E-07
 2.357473165143798E-02
-1.185384450979887E-05
-8.108090267933346E-07
 1.091257776738062E-07
-9.517902936978411E-07
 5.838954593429407E-07
 9.774215338735413E-07
-2.973527751673157E-07
-2.753305600269019E-07
 6.107716053989461E-08
 3.989587541073668E-08
-6.951531213375337E-09
-3.389682286728193E-09
 4.671097746823037E+00
-7.265402757796235E-05
 2.558092645471150E-06
-3.105390282629974E-06
-1.641268299319602E-05
-5.264769604356008E-05
 2.049186629018771E-05
 2.427768087652173E-05
-6.189605687545452E-06
-4.736042293041775E-06
 9.401753216637260E-07
 5.356968751667724E-07
-8.265388647015034E-08
 3.894620384919734E+00
-2.454940367365030E-01
-2.622794342469705E-01
 2.384735794037866E-01
 7.140678826078818E-02
-3.586772078097247E-02
 3.439084867973627E-03
-2.025677703853181E-02
-1.345375888931367E-02
 1.517861060380776E-02
 5.891505590441194E-03
-4.630039133535008E-03
-1.159850811738032E-03
 1.280893195486200E+01
 3.386457189452262E+00
 2.622853174566215E-01
-2.384659266634714E-01
-7.137779485121135E-02
 3.590753335579773E-02
-3.468108054417048E-03
 2.023691935614708E-02
 1.346188611738697E-02
-1.517456736243043E-02
-5.892681082967008E-03
 4.629567483155812E-03
 1.159950624003596E-03
 4.216241780690546E+04
-3.369272350268707E-01
 5.289112510161851E-02
-1.339013541051267E-01
 1.049824522874238E-01
 4.557477418179938E-01
-5.528130800499079E-02
-1.650321457267497E-01
 9.877180425974075E-03
 2.713695900960235E-02
-8.633019947760309E-04
-2.646543386128122E-03
 3.685479896375909E-05
 6.197698561356559E-05
 1.966165381391250E-05
 9.706619661644476E-06
-1.555601900894966E-05
-2.555220516891766E-06
 3.556401899953998E-06
-1.390749931497521E-06
-1.894350669163737E-06
 1.109137856539090E-06
 1.013736025264033E-06
-2.067001339029624E-07
-3.832663216246443E-07
-2.124659359681683E-08
 2.355247554179214E-02
-1.140092138096894E-05
-8.277221237304563E-07
-1.573254130870633E-08
-6.580125217852267E-07
 1.053721861552162E-06
 7.519653346689953E-07
-4.703603878798061E-07
-2.199160480491347E-07
 9.004487372772972E-08
 3.234910728952118E-08
-9.973041936888451E-09
-2.671325024698425E-09
 4.671098347022749E+00
 1.166939105650646E-04
-1.118849757061250E-05
-6.121139233774041E-06
-3.549728741545868E-05
-3.924136583964246E-05
 3.421160280301030E-05
 1.910092454317545E-05
-9.420381755553819E-06
-3.840534486056522E-06
 1.345517487103201E-06
 4.440829554342740E-07
-1.131202740367598E-07
 3.886847672054456E+00
-1.051864660339976E-01
-3.531788793966791E-01
 1.124107748347180E-01
 1.073906209546604E-01
-1.666322499640661E-02
 7.064784302965046E-03
-1.103582972335367E-02
-2.491875395715892E-02
 7.775206909538035E-03
 1.107543755626481E-02
-2.276496467595338E-03
-2.202920555490437E-03
 1.909846624569389E+01
 3.245954076003700E+00
 3.532033381262549E-01
-1.124024301847321E-01
-1.073363519126579E-01
 1.669848935682093E-02
-7.112156244816358E-03
 1.101786669978330E-02
 2.493122754523688E-02
-7.771509241241695E-03
-1.107716118967817E-02
 2.276061833432900E-03
 2.203061762630162E-03
 4.216236835496999E+04
-3.772601936764729E-01
-1.224876876300326E-01
-1.469008531107997E-01
-1.316493509679836E-01
 5.140401175746004E-01
 1.179544102482256E-01
-1.871934057210008E-01
-3.141560328703445E-02
 3.091696864654436E-02
 4.378177271484254E-03
-3.024808254289942E-03
-3.617494378256827E-04
 6.468406219856671E-05
 1.970611765421732E-05
 2.338517990021159E-05
-1.758297073981118E-05
-7.458681822307366E-06
 6.942610758314791E-06
-6.753201866258343E-08
-4.602210760802104E-06
 1.089895677031955E-06
 1.887688366155746E-06
-6.786672958223533E-07
-1.118601684305074E-07
 2.172587693166835E-07
 2.352983152838356E-02
-1.289106052041312E-05
-9.833161569188274E-07
-1.499117156584005E-07
-5.730999504135705E-07
 1.580961595541666E-06
 6.842261866455296E-07
-6.654707541905576E-07
-2.028460335897678E-07
 1.230360681493788E-07
 2.999147140759303E-08
-1.364679478289298E-08
-2.453078174885920E-09
 4.671485003391039E+00
 2.995500841674625E-04
-3.018591526221953E-05
-7.064636623938397E-06
-5.684858043132944E-05
-3.529661132009374E-05
 4.968711877290516E-05
 1.753790674627545E-05
-1.308128845996984E-05
-3.564361503522334E-06
 1.806474126662640E-06
 4.152339051061588E-07
-1.478669951610484E-07
 3.898381985658510E+00
 4.317581204229277E-02
-3.657642891266667E-01
-2.642117773083049E-02
 1.174076910674627E-01
 5.563669682339892E-03
 9.814942056730358E-03
 1.622585945109761E-03
-3.108971346722681E-02
-2.351043176006830E-03
 1.383902924787688E-02
 9.655834495793702E-04
-2.757117393287434E-03
 2.536830765594905E+01
 3.097402433936424E+00
 3.658095839767858E-01
 2.642784791883666E-02
-1.173297880629971E-01
-5.521861667347686E-03
-9.879505759676077E-03
-1.642906213717492E-03
 3.110626289668107E-02
 2.355125968430153E-03
-1.384126708946208E-02
-9.660552951231693E-04
 2.757297431785151E-03
 4.216231850535634E+04
-3.451524228792270E-01
-2.990193492643392E-01
-1.360016403419790E-01
-3.693500492898658E-01
 4.685764491178606E-01
 2.923732234205370E-01
-1.700602752249464E-01
-7.305658783969612E-02
 2.800216461876586E-02
 9.669099823580697E-03
-2.728427331581210E-03
-7.635424078146641E-04
 6.907298129876533E-05
 1.631803512671029E-05
 3.221580074302513E-05
-1.458158750052105E-05
-9.973756420207020E-06
 6.327018518628141E-06
 4.532125431266459E-07
-3.655202882685483E-06
 1.810300574130102E-06
-5.032172645051159E-07
-2.009706817105182E-06
 3.402525149423861E-06
 8.356472875887998E-07
 2.350324180833543E-02
-1.600222367274726E-05
-1.259262154215252E-06
-2.788631340310522E-07
-7.028433254232439E-07
 2.089648743139594E-06
 7.785806711149808E-07
-8.534064575107226E-07
-2.253058898848009E-07
 1.547679869150541E-07
 3.309751726640822E-08
-1.716094459938700E-08
-2.800256673442568E-09
 4.672206157365804E+00
 4.500198287504467E-04
-5.167769400466355E-05
-5.843597501203463E-06
-7.751445962044502E-05
-4.109602453204422E-05
 6.462693181298928E-05
 1.970199561854932E-05
-1.661067212051119E-05
-3.928722550770549E-06
 2.250389590162063E-06
 4.515472421956063E-07
-1.812990292594262E-07
 3.928443707912474E+00
 1.815411862827831E-01
-3.027912725649267E-01
-1.590536566083584E-01
 1.011941166650418E-01
 2.744187102351156E-02
 1.119891421258368E-02
 1.577384786189729E-02
-3.105881380710418E-02
-1.356589916961302E-02
 1.377360955738228E-02
 4.557468204368719E-03
-2.739900317934406E-03
 3.161928871689235E+01
 2.958880707628862E+00
 3.028567753642974E-01
 1.590564925287191E-01
-1.010973573130005E-01
-2.738371787052457E-02
-1.127707818128698E-02
-1.580028065618623E-02
 3.107857091280846E-02
 1.357101341009435E-02
-1.377625018704812E-02
-4.558043109927194E-03
 2.740110641321591E-03
 4.216227754919262E+04
-2.451089486740574E-01
-4.495674693568547E-01
-1.022134345330414E-01
-5.727647622479708E-01
 3.263888287653502E-01
 4.412845297450146E-01
-1.164124371565637E-01
-1.085644579870859E-01
 1.887950783006650E-02
 1.417429461994638E-02
-1.809544645836398E-03
-1.104505579860415E-03
 7.314955363423325E-05
 9.817883164316223E-06
 3.877813654097599E-05
-6.682023063754636E-06
-1.308949531480062E-05
 1.147411905021479E-06
 3.596663043996275E-06
 9.185569750645958E-07
-6.325200109326425E-07
-4.306593180502597E-06
-8.920586023538517E-07
 6.584530132805504E-06
 5.399378898981481E-07
 2.346988148361664E-02
-2.022417433288578E-05
-1.617385251160799E-06
-3.840654218032992E-07
-1.030421045621600E-06
 2.502254804067382E-06
 1.020926014083870E-06
-1.005196460752550E-06
-2.836888323767828E-07
 1.801052012496866E-07
 4.107602555794779E-08
-1.972443774470888E-08
-3.619926300753627E-09
 4.673161966850309E+00
 5.457862521987331E-04
-7.257947477287057E-05
-2.485927791207897E-06
-9.436545986191574E-05
-5.583038423505007E-05
 7.672086636588096E-05
 2.526255127823272E-05
-1.945564041940283E-05
-4.874748436296710E-06
 2.606953717992483E-06
 5.469002261658209E-07
-2.080719600036000E-07
 3.974321264610760E+00
 2.924316135768413E-01
-1.744624716622690E-01
-2.674957216197523E-01
 6.135389961489645E-02
 4.575505094295042E-02
 1.081807847132044E-02
 2.908772938805326E-02
-2.462970974523989E-02
-2.399463860383915E-02
 1.081205705533049E-02
 7.889903340586266E-03
-2.139823222525748E-03
 3.785422209158867E+01
 2.847890212290527E+00
 1.745446817591547E-01
 2.674929408956971E-01
-6.124592899122825E-02
-4.567315256440944E-02
-1.090415286432362E-02
-2.912309132012763E-02
 2.465130618402611E-02
 2.400126742095119E-02
-1.081492562511626E-02
-7.890630443816677E-03
 2.140050473003022E-03
 4.216225360412244E+04
-9.102412408370024E-02
-5.500577725095075E-01
-4.988692198821809E-02
-7.098711468301749E-01
 1.077728862040273E-01
 5.408809822536289E-01
-3.402552579791518E-02
-1.322043896451270E-01
 4.886607761503771E-03
 1.716078482366776E-02
-4.050435908049202E-04
-1.329329456404174E-03
 7.825349205974610E-05
 3.002962646659709E-06
 3.866428435507018E-05
-6.314524556086252E-07
-1.120223150474744E-05
 1.046566296437390E-07
 2.328232053108806E-06
-2.045177987937010E-07
 4.342324725203671E-07
-5.584376988723406E-07
-1.930230758898947E-06
 1.095867048565535E-06
 9.683699322063987E-07
 2.342800406320783E-02
-2.489740960524044E-05
-2.006088142163083E-06
-4.478597225592766E-07
-1.508427218274337E-06
 2.749090142926584E-06
 1.375067913622416E-06
-1.095105965887342E-06
-3.690203962630009E-07
 1.946323652665565E-07
 5.247644430133079E-08
-2.078263909523951E-08
-4.684521180953621E-09
 4.674216367977006E+00
 5.715027496083171E-04
-8.960763350529533E-05
 2.599609760413667E-06
-1.045417752643620E-04
-7.732062474976086E-05
 8.390575437227782E-05
 3.337461029857718E-05
-2.112800635279709E-05
-6.255660905114706E-06
 2.814654004295720E-06
 6.861281289452302E-07
-2.234735256332845E-07
 4.031566143107051E+00
 3.612504739920430E-01
 1.307749196568645E-03
-3.363709760522729E-01
 3.530355953156112E-03
 5.770549281019832E-02
 8.607239826892429E-03
 3.911709470684387E-02
-1.260432882029082E-02
-3.172906467282224E-02
 5.337074683819260E-03
 1.035014473440695E-02
-1.035908345572536E-03
 4.407769328001931E+01
 2.779043595612837E+00
-1.215031256337467E-03
 3.363615433972789E-01
-3.420886809889313E-03
-5.759605798644429E-02
-8.694072870944489E-03
-3.916281691125571E-02
 1.262605439603321E-02
 3.173745231189702E-02
-5.339953733113681E-03
-1.035104871140428E-02
 1.036135910755302E-03
 4.216225260412355E+04
 9.510136547312589E-02
-5.828613957027511E-01
 1.382333544461289E-02
-7.571969732525758E-01
-1.555131171861341E-01
 5.737848458190387E-01
 6.501069534099840E-02
-1.398067823560828E-01
-1.190776397225608E-02
 1.809858250075754E-02
 1.276600972162739E-03
-1.398483681371615E-03
 7.937973018560034E-05
-4.639561593378704E-06
 4.077332180696233E-05
 6.289951049883573E-06
-1.231162150316222E-05
-1.590530702806858E-06
 2.804771659666643E-06
-8.349901789413070E-07
 4.670384108577821E-07
 3.281093044022406E-06
-2.158254298722933E-06
-4.841465809221276E-06
 1.077949883208622E-06
 2.337716070907862E-02
-2.931534350739972E-05
-2.368051337884186E-06
-4.589130201772796E-07
-2.063713872325367E-06
 2.782337307370922E-06
 1.786401413490203E-06
-1.105247113540811E-06
-4.679582036627716E-07
 1.954419778214384E-07
 6.527653051771609E-08
-2.017345780248976E-08
-5.719332046155712E-09
 4.675215694676626E+00
 5.214804926665714E-04
-9.995932855591314E-05
 8.651297294616821E-06
-1.060966194293710E-04
-1.022425949045532E-04
 8.476450614549091E-05
 4.277114657332740E-05
-2.129106299715471E-05
-7.853417674055572E-06
 2.830547849578343E-06
 8.472009456365999E-07
-2.244193399319600E-07
 4.094341979476757E+00
 3.783541581733215E-01
 2.008400191026099E-01
-3.548598642320703E-01
-6.405001171478861E-02
 6.125149621088635E-02
 4.923902404504688E-03
 4.379572345624767E-02
 3.170655591635575E-03
-3.518609770592476E-02
-1.805391434177367E-03
 1.143343511513679E-02
 4.005568067988463E-04
 5.029569248460350E+01
 2.761990355674730E+00
-2.007448650505092E-01
 3.548437572696601E-01
 6.415056807502632E-02
-6.111510336211049E-02
-5.003862873900508E-03
-4.385157620084412E-02
-3.150620717789820E-03
 3.519620350227425E-02
 1.802733086754835E-03
-1.143451188956791E-02
-4.003463739284012E-04
 4.216227735683542E+04
 2.860328493121555E-01
-5.394193192483867E-01
 8.016358898636940E-02
-7.029818290499792E-01
-4.241104444713878E-01
 5.315349202512433E-01
 1.657091609735149E-01
-1.293785394988775E-01
-2.894205737650806E-02
 1.673857203758626E-02
 2.978899419339051E-03
-1.293661677314398E-03
 7.939756199570605E-05
-1.255619112491600E-05
 3.950786261725225E-05
 1.405246157813849E-05
-1.209248681053689E-05
-4.780737079133279E-06
 2.155751993801218E-06
 8.982217811884953E-07
 8.315808293311824E-07
 3.533676068713241E-06
-1.934706675197890E-06
-6.116519176307835E-06
 8.945508977695686E-07
 2.331823509087371E-02
-3.281647100326352E-05
-2.644865193637718E-06
-4.139223887048016E-07
-2.610494257700585E-06
 2.585096459537133E-06
 2.190891316219487E-06
-1.029015212851425E-06
-5.649679114714983E-07
 1.816692463762717E-07
 7.734143790789798E-08
-1.813620239484854E-08
-6.503895034183104E-09
 4.676010040157689E+00
 4.003605693450041E-04
-1.018603559496721E-04
 1.475947506681162E-05
-9.836663122824846E-05
-1.267044683532439E-04
 7.880128568030861E-05
 5.197469400587151E-05
-1.982418064468032E-05
-9.415647030326551E-06
 2.639208783687781E-06
 1.004344582679660E-06
-2.095195720167672E-07
 4.155926811252942E+00
 3.394449021315558E-01
 3.972142399721377E-01
-3.179696927407125E-01
-1.314585528693050E-01
 5.541531898038361E-02
 4.783431354299458E-04
 4.188999951013798E-02
 2.003519802172629E-02
-3.344496645830489E-02
-9.409370481449878E-03
 1.084957813271680E-02
 1.926684959936933E-03
 5.651509064732478E+01
 2.801023367772842E+00
-3.971253083182228E-01
 3.179479378814880E-01
 1.315406656019479E-01
-5.525695388556456E-02
-5.444659261028252E-04
-4.195408531758733E-02
-2.001851296279256E-02
 3.345646560527463E-02
 9.407143257793503E-03
-1.085079470837732E-02
-1.926507714919978E-03
 4.216232684811660E+04
 4.517913511769551E-01
-4.219981529470085E-01
 1.392976261984306E-01
-5.489299615180174E-01
-6.550549402728884E-01
 4.161353343006340E-01
 2.517936004184706E-01
-1.014987843227573E-01
-4.344611168478598E-02
 1.316405702471877E-02
 4.425595949914378E-03
-1.021479333128529E-03
 7.980165195959057E-05
-1.892559354592729E-05
 3.285845048576540E-05
 1.939576274259523E-05
-1.055839412623849E-05
-6.126045832166487E-06
 2.941705119556415E-06
 2.932476022606572E-06
-2.431153868835722E-06
-6.252393204473117E-07
 2.164755652996440E-06
 6.219717874007325E-07
-9.185290270210488E-07
 2.325334035124305E-02
-3.483731529949822E-05
-2.783059743888848E-06
-3.169626102035583E-07
-3.062472386007971E-06
 2.174572578344333E-06
 2.524259955590717E-06
-8.727808726694628E-07
-6.446284401660572E-07
 1.546990570102679E-07
 8.682241781637688E-08
-1.516532928029181E-08
-6.948914685654352E-09
 4.676473657549562E+00
 2.225042306182291E-04
-9.467425498055348E-05
 2.000410272608487E-05
-8.205553088011733E-05
-1.468173908358850E-04
 6.654930599214737E-05
 5.951964319389064E-05
-1.685576243388891E-05
-1.069354695630682E-05
 2.256823875198459E-06
 1.132634829139953E-06
-1.800504840605737E-07
 4.209301939049342E+00
 2.456686685303326E-01
 5.619554217233595E-01
-2.274405832164189E-01
-1.880337284626600E-01
 4.052381706283596E-02
-3.806157303844252E-03
 3.329910643905375E-02
 3.491230803395916E-02
-2.647952123745485E-02
-1.608869994600114E-02
 8.597441688725629E-03
 3.264288169489418E-03
 6.274303017798273E+01
 2.894981774245769E+00
-5.618806896018455E-01
 2.274151508153461E-01
 1.880902632872188E-01
-4.035225354405506E-02
 3.759038683245290E-03
-3.336811151424093E-02
-3.490019842332205E-02
 2.649184987955358E-02
 1.608705899698420E-02
-8.598741245753909E-03
-3.264155896572491E-03
 4.216239588520527E+04
 5.623342986811902E-01
-2.449730254845165E-01
 1.806044291980260E-01
-3.123119920055615E-01
-8.063813654679017E-01
 2.413851972747720E-01
 3.076053738796663E-01
-5.960735149206952E-02
-5.278230439748418E-02
 7.824572761399815E-03
 5.354750033942625E-03
-6.159626987377683E-04
 7.884514964480280E-05
-2.442718946936930E-05
 2.331641155287096E-05
 2.494198073124632E-05
-5.603799300796191E-06
-7.176974291807246E-06
-1.097201176844343E-06
 2.149256792359670E-06
-6.065217270321307E-07
-5.855058445372805E-09
 2.395193575138714E-06
 8.378125598268402E-07
-1.270775054156528E-06
 2.318561889363258E-02
-3.496385406941939E-05
-2.746285965271547E-06
-1.796572509678509E-07
-3.342021368026934E-06
 1.603443214587221E-06
 2.729859058201904E-06
-6.567204922620597E-07
-6.936341439268007E-07
 1.181557803216749E-07
 9.239751620039273E-08
-1.180322462871774E-08
-7.099630208782323E-09
 4.676524083998382E+00
 1.198575204522165E-05
-7.888315559553187E-05
 2.348588723704709E-05
-5.925628594027899E-05
-1.591598230373547E-04
 4.960764464285899E-05
 6.414015770820433E-05
-1.277495382217681E-05
-1.147565412343928E-05
 1.733498024305045E-06
 1.211168954804101E-06
-1.398581636827054E-07
 4.247888611971949E+00
 1.050664018537904E-01
 6.668969609614038E-01
-9.283149785551209E-02
-2.235524198123931E-01
 1.836358898326562E-02
-6.966497274697840E-03
 1.921749099834098E-02
 4.481304292271184E-02
-1.527396105787061E-02
-2.050814576140780E-02
 5.000121787601504E-03
 4.146730946044837E-03
 6.898616949663628E+01
 3.035799815906849E+00
-6.668426438810149E-01
 9.280513087310720E-02
 2.235800162489148E-01
-1.819021894808460E-02
 6.940722586555545E-03
-1.928715359941490E-02
-4.480605288673828E-02
 1.528639964674574E-02
 2.050715904027374E-02
-5.001432361592169E-03
-4.146648764016338E-03
 4.216247526630650E+04
 5.923213223174502E-01
-3.502778316312918E-02
 1.941705649856326E-01
-2.750705758416399E-02
-8.440420418841174E-01
 3.336307316875229E-02
 3.207426477210202E-01
-1.004144858150259E-02
-5.489582752488786E-02
 1.534185218938197E-03
 5.563076472474048E-03
-1.385434577689291E-04
 7.708895755768958E-05
-2.733133584135651E-05
 1.235442118232105E-05
 2.843487651920165E-05
-2.376252134763834E-07
-7.472606452426976E-06
-5.196485277364219E-06
 5.852167752394986E-07
 2.090916354576688E-06
 1.369227827737079E-06
 1.147978489802120E-06
-4.965935726864893E-07
-8.961581994573585E-07
 2.311889650114124E-02
-3.302912823283793E-05
-2.530391762740358E-06
-2.220613099438098E-08
-3.391118474263010E-06
 9.594599758601813E-07
 2.767191785960718E-06
-4.144876390921636E-07
-7.028005980692707E-07
 7.769220848768112E-08
 9.334389452652552E-08
-8.468477230091707E-09
-7.066347153784369E-09
 4.676140383545958E+00
-1.979563941040861E-04
-5.625857189911060E-05
 2.440138801582328E-05
-3.344241781072937E-05
-1.612768332877388E-04
 3.060211434992620E-05
 6.495882273552886E-05
-8.219347116017035E-06
-1.161946417195846E-05
 1.151426762960958E-06
 1.226249768120187E-06
-9.527681918633300E-08
 4.266545096501348E+00
-6.539567835026573E-02
 6.881790604141279E-01
 6.777330690908390E-02
-2.299137935058621E-01
-7.834329683935571E-03
-8.220008897960126E-03
 2.105520112980418E-03
 4.744412848551414E-02
-1.778692121433641E-03
-2.165548477676907E-02
 6.867932900016527E-04
 4.373389028819665E-03
 7.524966823428198E+01
 3.206477042688317E+00
-6.881485873191163E-01
-6.779739381288044E-02
 2.299139632939813E-01
 7.997212690765511E-03
 8.214306573023578E-03
-2.171295624042212E-03
-4.744193444102617E-02
 1.790480647516601E-03
 2.165510930695274E-02
-6.880395699073898E-04
-4.373353567315847E-03
 4.216255274438424E+04
 5.278592255216119E-01
 1.712018430357253E-01
 1.736447271939072E-01
 2.562265548784546E-01
-7.507196803489933E-01
-1.717081769065072E-01
 2.852155677851093E-01
 3.853679985499744E-02
-4.883189194123799E-02
-4.605598707432644E-03
 4.956790335059990E-03
 3.273610972638170E-04
 7.790128079417800E-05
-2.413883445364331E-05
-1.630270480873722E-06
 2.365546666625304E-05
 3.041699281400509E-06
-3.308782468618222E-06
-3.581554643106383E-06
-1.328895354731236E-06
 2.805228491352269E-07
 3.645954352720212E-07
 1.621524186814114E-06
 1.002559329498838E-06
-8.168462647964519E-07
 2.305710979078556E-02
-2.923286179060899E-05
-2.171677592248133E-06
 1.276396533101602E-07
-3.185844094963898E-06
 3.578304447807584E-07
 2.621691775011934E-06
-1.899354162413257E-07
-6.691522608552496E-07
 4.041371582685061E-08
 8.951353631242442E-08
-5.436747770464896E-09
-6.912340700627911E-09
 4.675376863214908E+00
-3.683654016523127E-04
-3.007727843762353E-05
 2.225428579419960E-05
-9.185640083094664E-06
-1.522668642317708E-04
 1.293495231553703E-05
 6.168691972122750E-05
-4.009569696637418E-06
-1.108275881371686E-05
 6.160903314349316E-07
 1.174268335560122E-06
-5.445731858617802E-08
 4.262765249237402E+00
-2.397897846644861E-01
 6.123697823979848E-01
 2.288170185001246E-01
-2.031949145407778E-01
-3.370276556601828E-02
-7.192629931709054E-03
-1.465255368834347E-02
 4.181688427466135E-02
 1.136597554373807E-02
-1.910752001268275E-02
-3.498319704799148E-03
 3.862090685000721E-03
 8.153597539229976E+01
 3.381045453062827E+00
-6.123628073974569E-01
-2.288356538633434E-01
 2.031744879414816E-01
 3.384415435277569E-02
 7.201836004612644E-03
 1.459467803933461E-02
-4.181823246882525E-02
-1.135550043557907E-02
 1.910759417643686E-02
 3.497202716756166E-03
-3.862089469625228E-03
 4.216261489649833E+04
 3.723974604245786E-01
 3.327623424623968E-01
 1.189048688303536E-01
 4.824234356873114E-01
-5.332610318767436E-01
-3.330981106393245E-01
 2.040408553696650E-01
 7.649238249723567E-02
-3.515386084920745E-02
-9.377574476485070E-03
 3.593771028905534E-03
 6.890066674364230E-04
 7.890612438099195E-05
-1.690016012623140E-05
-1.226243462784918E-05
 1.645499091994539E-05
 4.215250501166782E-06
-1.026079189586913E-06
-1.264023153768295E-06
-1.248419985404055E-06
-1.628480283824659E-07
-5.428366558561336E-07
 3.342594889788586E-07
 1.016568441564864E-06
-8.079874202758594E-08
 2.300352891310934E-02
-2.420201274003113E-05
-1.742614806461173E-06
 2.391531458279186E-07
-2.748929325907961E-06
-7.731231540381023E-08
 2.312514891357422E-06
-2.980683799967153E-08
-5.975008658999210E-07
 1.384112428143291E-08
 8.133210022799277E-08
-3.007665723046517E-09
-6.582932227372923E-09
 4.674365076105365E+00
-4.619416494319440E-04
-4.948130508886095E-06
 1.709389593156192E-05
 8.563731589229261E-06
-1.332531190096567E-04
 2.358718124065936E-07
 5.477822691364491E-05
-1.015445704000994E-06
-9.945952945336409E-06
 2.385724985770183E-07
 1.063612294648609E-06
-2.582867636008884E-08
 4.237778353403366E+00
-3.866122057902737E-01
 4.422167789290676E-01
 3.607782185972673E-01
-1.453670390059479E-01
-5.438126443687448E-02
-4.048216840694307E-03
-2.740650989667932E-02
 2.864385388382815E-02
 2.133181744890336E-02
-1.320182622129041E-02
-6.656006114450583E-03
 2.682716233150674E-03
 8.784372782132935E+01
 3.527962691758712E+00
-4.422285637701446E-01
-3.607889406005077E-01
 1.453375724919091E-01
 5.449375707857484E-02
 4.063754173956752E-03
 2.735917431792683E-02
-2.864667941502520E-02
-2.132308470472511E-02
 1.320208550770456E-02
 6.655059722372305E-03
-2.682729031584166E-03
 4.216264970455449E+04
 1.490158588998244E-01
 4.123557499870703E-01
 3.708314187623239E-02
 5.986015434318688E-01
-2.254784459191097E-01
-4.135837388569669E-01
 9.019157335177834E-02
 9.511118355014613E-02
-1.609225097994428E-02
-1.168879764120972E-02
 1.699845735856798E-03
 8.628694737965886E-04
 8.064931243436434E-05
-6.464883065110150E-06
-1.751758202805881E-05
 7.735402044955268E-06
 4.283434062091071E-06
-3.317934743222111E-07
 2.642818050112312E-07
-6.194881605210935E-07
-1.137969526337225E-07
-3.570528286251080E-07
-4.957282500047912E-07
 4.620174273245092E-07
 2.476490530011481E-07
 2.295994567538771E-02
-1.893261071326610E-05
-1.338512979953154E-06
 2.847499618164414E-07
-2.153435154415637E-06
-2.388033228712586E-07
 1.894352478742389E-06
 2.625529118528596E-08
-5.007724932362786E-07
 4.505400685541104E-09
 6.992767385117526E-08
-1.712160323241729E-09
-5.957990985988593E-09
 4.673298795521558E+00
-4.518753108591921E-04
 1.395281995009157E-05
 9.614323142469717E-06
 1.548335329610167E-05
-1.075035015023655E-04
-4.380986800479347E-06
 4.545977711833106E-05
 2.596365023831683E-08
-8.416602443371236E-06
 1.123240330149254E-07
 9.150046764033322E-07
-1.659506863551140E-08
 4.197164439033618E+00
-4.744552648097791E-01
 1.994646623688205E-01
 4.354239501724801E-01
-6.496471644994950E-02
-6.540247126811828E-02
 5.402796813937901E-04
-3.302419870330246E-02
 1.036858585155078E-02
 2.570351839152635E-02
-5.049550418433068E-03
-8.023235436915717E-03
 1.059534916486326E-03
 9.416715021734019E+01
 3.615793198879590E+00
-1.994862955013216E-01
-4.354256366467892E-01
 6.494077270608592E-02
 6.548422003967203E-02
-5.291003586401862E-04
 3.298798006457778E-02
-1.037033089704118E-02
-2.569661055707137E-02
 5.049668419456583E-03
 8.022466544001253E-03
-1.059536728116829E-03
 4.216264944362344E+04
-1.011624783417434E-01
 3.849729762402533E-01
-5.785724186996679E-02
 5.678379722292168E-01
 1.143977729320446E-01
-3.879270299741900E-01
-3.443600564619723E-02
 8.861792166023337E-02
 4.641166082784856E-03
-1.082880298557799E-02
-3.500103182607116E-04
 7.953763728997169E-04
 8.342927611409939E-05
 5.192808655984868E-06
-1.592215432623845E-05
-1.585481036494538E-06
 3.713693625655584E-06
-1.548614807428929E-07
 5.036555925477565E-07
 1.216051964763494E-07
-2.263632401180946E-07
 2.375286048407820E-07
-4.618340570801972E-07
-1.936449931897485E-07
 2.344227827953933E-07
 2.292605346780116E-02
-1.462622112710563E-05
-1.062259058294172E-06
 2.452076505017075E-07
-1.516448582908283E-06
-6.240048882712287E-08
 1.452268718652909E-06
-4.430125912908017E-08
-3.988612076676911E-07
 1.637792450324224E-08
 5.735251686254405E-08
-2.302860164312607E-09
-5.017576538285384E-09
 4.672402056081430E+00
-3.298146969465612E-04
 2.195648129990410E-05
 1.099388753640522E-06
 8.865369910865823E-06
-8.014754585079670E-05
 9.286200625551872E-07
 3.562713015837515E-05
-1.307279729937468E-06
-6.810500000739786E-06
 2.891038171253076E-07
 7.595384806572489E-07
-3.055544200564625E-08
 4.150680872697926E+00
-4.780766820477642E-01
-7.584398608529863E-02
 4.316303086303058E-01
 2.350696138565356E-02
-6.367439111800170E-02
 5.512604480432030E-03
-2.959436164183259E-02
-9.146302092679876E-03
 2.303611968804659E-02
 3.606785367741130E-03
-7.152380106316965E-03
-6.577102924943700E-04
 1.004962608609896E+02
 3.619285926640548E+00
 7.582436838002156E-02
-4.316236271051471E-01
-2.351042440620050E-02
 6.373025522788986E-02
-5.516606511256747E-03
 2.956737917747559E-02
 9.148207463277038E-03
-2.303071211244182E-02
-3.607134582103719E-03
 7.151755690180459E-03
 6.577442828264916E-04
 4.216261338075467E+04
-3.235307222024019E-01
 2.459800305648689E-01
-1.460837615752378E-01
 3.796070595059204E-01
 4.110344619207004E-01
-2.507372463744384E-01
-1.419613859907258E-01
 5.602956530492520E-02
 2.237563245188750E-02
-6.704510002097008E-03
-2.087942106300034E-03
 4.816831603350763E-04
 8.716420365108359E-05
 1.540544462623559E-05
-7.208792842055695E-06
-1.029845594949250E-05
 2.132293687193645E-06
 8.850411165136210E-07
-3.795582761937631E-07
 6.594502789250246E-07
-3.684710308304311E-07
 2.561910299911540E-07
 2.483682488606820E-07
-5.113866966130786E-07
-4.897950271167578E-08
 2.289919073681876E-02
-1.246235476681122E-05
-1.006659453605215E-06
 1.147613128907108E-07
-9.851708412771110E-07
 4.512744797011244E-07
 1.090540493724362E-06
-2.388499780312291E-07
-3.160546070461200E-07
 4.931301226977876E-08
 4.665448926574185E-08
-5.362015050185666E-09
-4.005361507474897E-09
 4.671884484453124E+00
-1.111252884084407E-04
 1.593168587666637E-05
-6.684742320914530E-06
-1.151449095107346E-05
-5.756546385547414E-05
 1.609452200435923E-05
 2.760707324843937E-05
-4.966559061996962E-06
-5.511620449337985E-06
 7.593512928193692E-07
 6.347023966231274E-07
-6.675926573944498E-08
 4.111078543402158E+00
-3.846245201017037E-01
-3.291706163774447E-01
 3.412683254855063E-01
 1.013811499967398E-01
-4.842998232270231E-02
 9.545880654009718E-03
-1.700970416329322E-02
-2.518920082535306E-02
 1.331864889953323E-02
 1.066220773011265E-02
-4.059033399224123E-03
-2.049254281679304E-03
 1.068181004923734E+02
 3.525604818698735E+00
 3.291657930056354E-01
-3.412559577483701E-01
-1.013519902114203E-01
 4.847159146919904E-02
-9.573620202830240E-03
 1.698763969317204E-02
 2.519675833152327E-02
-1.331401855064047E-02
-1.066327502915407E-02
 4.058481874443269E-03
 2.049342989979463E-03
 4.216254958207328E+04
-4.585374340676935E-01
 1.739595828089827E-02
-2.039854417195714E-01
 5.972637329866232E-02
 5.850879657160617E-01
-2.290017029624253E-02
-2.036502425314841E-01
 2.571279195902977E-03
 3.237546907061747E-02
-7.810022977467341E-06
-3.048610312711949E-03
-2.228866819328127E-05
 9.140823855371884E-05
 2.174547110493553E-05
 7.446669239309203E-06
-1.665432849083148E-05
-1.533365143941358E-06
 3.406481383129828E-06
-1.266800622317889E-06
 2.607882483048912E-07
 1.295679139147314E-07
-4.741974190042732E-07
 6.705927484908962E-07
-1.409566770415164E-09
-3.336580263999417E-07
 2.287456272079402E-02
-1.332022019105866E-05
-1.228175511077113E-06
-9.169766346506664E-08
-7.133005456524101E-07
 1.220366215631498E-06
 9.144431528235614E-07
-5.244745199347077E-07
-2.767049040570423E-07
 9.780354621853082E-08
 4.140829806126289E-08
-1.064739744502172E-08
-3.419116851289560E-09
 4.671890030056860E+00
 1.628789584978781E-04
-4.732626115000471E-06
-1.164878512712656E-05
-4.263623160278157E-05
-4.633441455868483E-05
 3.865548467253997E-05
 2.375327490016916E-05
-1.033034761452547E-05
-4.903386728103079E-06
 1.440358739766514E-06
 5.775495271775045E-07
-1.186563717025225E-07
 4.091737390198044E+00
-2.007445456810086E-01
-4.994146760797500E-01
 1.747878281578753E-01
 1.490759312250957E-01
-2.196974932008449E-02
 1.123070776976589E-02
 2.548934996196837E-03
-3.308245890823736E-02
-1.683589058117992E-03
 1.406197520519538E-02
 6.767346553026790E-04
-2.709749247985009E-03
 1.131191482117551E+02
 3.341438510487933E+00
 4.994357170570298E-01
-1.747743797002703E-01
-1.490083021696915E-01
 2.201410041527652E-02
-1.128598775083954E-02
-2.572271296457984E-03
 3.309651631685995E-02
 1.688463889323089E-03
-1.406386260321404E-02
-6.773131775431170E-04
 2.709900103658706E-03
 4.216247477827791E+04
-4.567751935604835E-01
-2.506387805439702E-01
-2.095920788113010E-01
-3.243300320044420E-01
 5.739629700519100E-01
 2.462324903216750E-01
-1.975742884975401E-01
-6.001309493429010E-02
 3.111941274983110E-02
 7.769477907389116E-03
-2.898554193961900E-03
-6.015208116598213E-04
 9.540545424375123E-05
 2.253034247746149E-05
 2.563071713529653E-05
-1.867877395511242E-05
-8.108108527369699E-06
 6.452176902210469E-06
-2.566535437417287E-07
-1.670027409842253E-06
 1.172789100405408E-06
-7.521277433661225E-07
-4.838533456169087E-07
 1.265055835007259E-06
 8.945453582088588E-08
 2.284604717771231E-02
-1.745552156916695E-05
-1.713532528300978E-06
-3.317620776635769E-07
-8.212612177594370E-07
 2.078071343035021E-06
 1.002516604922516E-06
-8.382871912937838E-07
-2.986708669373946E-07
 1.508030141402687E-07
 4.444699715169169E-08
-1.666157233736241E-08
-3.729268293745519E-09
 4.672448006025819E+00
 4.280881918215475E-04
-3.711273656911920E-05
-1.180225589354660E-05
-7.787449947505875E-05
-5.149780278527280E-05
 6.367766210556826E-05
 2.581455073722940E-05
-1.620810253429775E-05
-5.264835251590665E-06
 2.179189688597752E-06
 6.147011595121381E-07
-1.746157272108917E-07
 4.103208848661699E+00
 4.119867516533622E-02
-5.331832569675539E-01
-3.553778752497287E-02
 1.510770488191342E-01
 1.015253201678446E-02
 9.462076112383999E-03
 2.445982202885568E-02
-2.949632854858557E-02
-1.839136961103709E-02
 1.238642604518763E-02
 5.913733038146719E-03
-2.364544709297700E-03
 1.193888276273375E+02
 3.099218148552696E+00
 5.332364968939313E-01
 3.554646037087996E-02
-1.509744033170462E-01
-1.008638843998164E-02
-9.541983386785529E-03
-2.449125248597940E-02
 2.951614039604395E-02
 1.839760167831300E-02
-1.238903371334524E-02
-5.914446325226445E-03
 2.364749930054499E-03
 4.216241123918824E+04
-2.995771672834123E-01
-4.877198107967091E-01
-1.519693696279249E-01
-6.712797375226869E-01
 3.575489147243878E-01
 4.858929186627323E-01
-1.175383596743744E-01
-1.152935622544297E-01
 1.772213735351285E-02
 1.458776872347629E-02
-1.569175862151986E-03
-1.104139914857045E-03
 9.830569131928608E-05
 1.702196927185650E-05
 4.400074858106064E-05
-1.452983224185239E-05
-1.722085175989934E-05
 7.059920863883862E-06
 4.252485287772309E-06
-3.506936302102119E-06
 1.994033063337416E-07
 5.881602295609381E-07
-1.227606601727088E-06
 7.483340922595179E-07
 5.513612934612588E-07
 2.280762395941021E-02
-2.421942912425937E-05
-2.358167609184926E-06
-5.379818021681176E-07
-1.342929257997270E-06
 2.796658621119870E-06
 1.372601839510138E-06
-1.097541100835196E-06
-3.854887371641696E-07
 1.937355381270284E-07
 5.617595112054149E-08
-2.107858370006608E-08
-4.965415382815689E-09
 4.673442120395704E+00
 6.099530315170162E-04
-7.417275732409716E-05
-6.079682184971621E-06
-1.078069265377534E-04
-7.432073989771099E-05
 8.449978682497554E-05
 3.416329161534457E-05
-2.103945097322078E-05
-6.647756305433461E-06
 2.780095764811982E-06
 7.502803974682812E-07
-2.194512010743866E-07
 4.149416597283792E+00
 2.836621035195401E-01
-4.045607089962383E-01
-2.387487486435070E-01
 1.019313521841955E-01
 3.996473110005888E-02
 4.062133468471447E-03
 4.236955501766750E-02
-1.399162487028673E-02
-3.201905796715117E-02
 5.502082091648725E-03
 1.015408349560294E-02
-9.949577854862801E-04
 1.256233360928301E+02
 2.856564226506565E+00
 4.046448721718117E-01
 2.387470343166707E-01
-1.018075280546804E-01
-3.986085790162319E-02
-4.156551128221946E-03
-4.241468905733498E-02
 1.401477586263083E-02
 3.202755051787475E-02
-5.505102487240685E-03
-1.015501785294777E-02
 9.951936127619704E-04
 4.216238058139507E+04
-1.606607263294371E-02
-6.225329355393814E-01
-4.052395241328318E-02
-8.734736466067261E-01
-2.243294163221995E-02
 6.231996113906811E-01
 2.067866052563589E-02
-1.466460165320314E-01
-5.133548617148056E-03
 1.841951327682741E-02
 6.668052855485048E-04
-1.383728402008553E-03
 1.007785032780056E-04
 5.254966392296747E-06
 5.616821142541025E-05
-1.824034817532628E-06
-2.426168594868811E-05
-1.601539453556583E-07
 8.882782055553620E-06
 1.002147087975521E-06
-2.214159767344516E-06
-1.564605782182117E-06
-3.755056759695177E-07
 1.967381503395348E-06
 3.606668937746277E-07
 2.275520614940047E-02
-3.201596103349593E-05
-2.982313033603244E-06
-6.375566049813029E-07
-2.182667480014248E-06
 3.149560120184843E-06
 1.956447774737501E-06
-1.222017833932757E-06
-5.208571445165362E-07
 2.130671061499398E-07
 7.369345172393465E-08
-2.210027093995136E-08
-6.566070105631287E-09
 4.674618400924770E+00
 6.466088107755807E-04
-1.056537174409874E-04
 4.725780657739602E-06
-1.227917717939474E-04
-1.105595894080453E-04
 9.458243139995113E-05
 4.723197135953355E-05
-2.332767588813640E-05
-8.792269767491453E-06
 3.059028667638477E-06
 9.591244721517657E-07
-2.399371148943995E-07
 4.225056848816322E+00
 4.572153428116679E-01
-1.326704818180877E-01
-3.777887140540069E-01
 1.072053022363860E-02
 5.913494922226165E-02
-3.706810976040583E-03
 5.009710314691268E-02
 9.976659850200789E-03
-3.799738762429189E-02
-5.044348499929664E-03
 1.198828611259011E-02
 1.089632281750510E-03
 1.318282351308128E+02
 2.682971454635871E+00
 1.327752204695182E-01
 3.777733312816692E-01
-1.059736433878829E-02
-5.898622923600801E-02
 3.613309982184249E-03
-5.015836127045121E-02
-9.953785970996986E-03
 3.800852087239220E-02
 5.041369209458515E-03
-1.198947724967507E-02
-1.089399952558796E-03
 4.216239627794156E+04
 3.169476564692629E-01
-6.088203975008443E-01
 9.321257162810070E-02
-8.581362820287514E-01
-4.649306221757658E-01
 6.101570186734675E-01
 1.807640669033460E-01
-1.432870669053115E-01
-3.150056959006738E-02
 1.796875196081461E-02
 3.235545219817700E-03
-1.348868963899664E-03
 1.027896909839548E-04
-8.563357724657082E-06
 5.785505376625242E-05
 1.212346123082655E-05
-2.358367695526293E-05
-5.756106026063933E-06
 6.076036017751078E-06
 6.861398477158092E-07
 7.584867073672155E-07
 4.285372900358995E-06
-2.324997293681997E-06
-6.921943094444664E-06
 1.031719221599921E-06
 2.268826269249071E-02
-3.867385033736065E-05
-3.392977970299860E-06
-5.850094928328639E-07
-3.118645244736786E-06
 2.998081661649715E-06
 2.603911588216565E-06
-1.163795699168486E-06
-6.701500871084975E-07
 2.017596832945236E-07
 9.181170647941491E-08
-1.968034658102939E-08
-7.779794993586412E-09
 4.675645176786754E+00
 5.150324984955618E-04
-1.211444191977325E-04
 1.766137247588135E-05
-1.168048281279255E-04
-1.507058298483043E-04
 9.001364023957920E-05
 6.164587513872551E-05
-2.220371573180557E-05
-1.115152237075333E-05
 2.911917067335205E-06
 1.188533816869171E-06
-2.284072308383473E-07
 4.315908366005132E+00
 5.054845297623245E-01
 2.151467984378836E-01
-4.092880910047023E-01
-9.933266918270216E-02
 6.176582894578325E-02
-1.127119004864986E-02
 4.422268852435728E-02
 3.555880076237031E-02
-3.381491917097289E-02
-1.627237011485949E-02
 1.065374044359504E-02
 3.303797427823778E-03
 1.380180792248663E+02
 2.634837659954243E+00
-2.150393825777100E-01
 4.092598319613457E-01
 9.943152775202381E-02
-6.157770456113755E-02
 1.119503482883033E-02
-4.429805508635809E-02
-3.554001758692056E-02
 3.382835647338950E-02
 1.626990675063448E-02
-1.065515512735041E-02
-3.303604186647555E-03
 4.216245817058850E+04
 5.992879444344839E-01
-4.459038836469588E-01
 2.059695338835949E-01
-6.223036865423918E-01
-8.409732820470639E-01
 4.455923681201127E-01
 3.170200572024512E-01
-1.050545150574180E-01
-5.397356190335884E-02
 1.322535596633456E-02
 5.432174715119450E-03
-9.991115265830348E-04
 1.047570268571546E-04
-2.074767821258928E-05
 4.916050171304620E-05
 2.389735740961150E-05
-1.960455565547276E-05
-1.009846625073370E-05
 5.566659981267892E-06
 3.611574349693253E-06
-3.184515365424584E-06
-9.997460937074196E-07
 3.113197144566752E-06
 2.039533330080821E-06
-1.385569343391791E-06
 2.261042319574225E-02
-4.219652759354866E-05
-3.465889133732224E-06
-3.894320634781559E-07
-3.871490709800628E-06
 2.361592222017823E-06
 3.127665706286774E-06
-9.308188338161379E-07
-7.909346135190343E-07
 1.624699188408843E-07
 1.054626555367217E-07
-1.531916382875693E-08
-8.275939977390692E-09
 4.676214019326366E+00
 2.463848011986514E-04
-1.144873170956838E-04
 2.850712492716503E-05
-9.059669553545236E-05
-1.829462024492711E-04
 7.146580647928640E-05
 7.325633981654261E-05
-1.784700518863830E-05
-1.305750000575483E-05
 2.363723484226472E-06
 1.374479807371752E-06
-1.869165642777769E-07
 4.402738162795466E+00
 4.104763115294754E-01
 5.421567441868751E-01
-3.217997540611866E-01
-1.976992883070229E-01
 4.673413702213890E-02
-1.573989775975326E-02
 2.598094406967407E-02
 5.481803031087453E-02
-2.032892920589383E-02
-2.475847020488140E-02
 6.423353762511574E-03
 4.979142738996997E-03
 1.442124086768054E+02
 2.730123825847748E+00
-5.420670429635029E-01
 3.217637297360778E-01
 1.977563969522359E-01
-4.652396111394917E-02
 1.569315428651171E-02
-2.606423295057207E-02
-5.480612978051734E-02
 2.034366381058616E-02
 2.475686940084643E-02
-6.424894647588750E-03
-4.979014499659011E-03
 4.216255203225345E+04
 7.473055006826493E-01
-1.813482339997650E-01
 2.615813354003387E-01
-2.388418636848935E-01
-1.042877149615379E+00
 1.783802842770596E-01
 3.912899034470544E-01
-4.303647659309298E-02
-6.636421717345142E-02
 5.531655823198470E-03
 6.663349777786957E-03
-4.292923812709677E-04
 1.050434041679772E-04
-3.033423080518092E-05
 3.268535810043876E-05
 3.376546669376234E-05
-7.483869611695994E-06
-1.034748151659997E-05
-2.877748913420272E-06
-1.039125575070443E-06
-6.460190196754692E-07
 2.726338910672137E-06
 4.376928845077497E-06
 9.736707153103695E-07
-2.376571863317673E-06
 2.252855042196853E-02
-4.156367116696823E-05
-3.199760547522867E-06
-1.159950505831137E-07
-4.215283418260003E-06
 1.424607740459857E-06
 3.374593189417890E-06
-5.889325232011035E-07
-8.487833577287189E-07
 1.064804045126292E-07
 1.115978632151528E-07
-1.062869884119189E-08
-8.283536715533083E-09
 4.676143154509445E+00
-8.181231826466839E-05
-8.709491980575845E-05
 3.363574904339336E-05
-5.200760167234364E-05
-1.977942052774778E-04
 4.429509684480757E-05
 7.871915336049157E-05
-1.149184799921808E-05
-1.396929572331592E-05
 1.567462577102018E-06
 1.464825996431675E-06
-1.269105100667809E-07
 4.467592989048014E+00
 2.028284363131720E-01
 7.576557169287269E-01
-1.419239755112074E-01
-2.575535371319065E-01
 1.830044991241165E-02
-1.531737197031362E-02
 1.094909920161249E-03
 6.192485398169764E-02
-1.639012454226792E-03
-2.798003080308528E-02
 5.602572284054612E-04
 5.622720637691195E-03
 1.504293552048607E+02
 2.938111620443827E+00
-7.575995934066909E-01
 1.418878600702512E-01
 2.575638485829931E-01
-1.809197793011864E-02
 1.530366883662063E-02
-1.177676265935081E-03
-6.192069046127157E-02
 1.653672036149181E-03
 2.797939995354262E-02
-5.617917110914033E-04
-5.622665500313728E-03
 4.216265483290857E+04
 7.278262152142886E-01
 1.076717753413295E-01
 2.472895455542200E-01
 1.737512075896330E-01
-1.025794316586353E+00
-1.120927122067839E-01
 3.871720933630758E-01
 2.476262136937854E-02
-6.594374294553955E-02
-2.926307352026924E-03
 6.654504193507959E-03
 2.033332639257424E-04
 1.020543884592686E-04
-3.541022692917307E-05
 1.757611892946954E-05
 4.045437263185038E-05
 2.505150737336693E-06
-1.055335855845716E-05
-8.420983729613984E-06
-4.057321290713034E-06
 1.349637434620169E-06
 4.529303627989377E-06
 4.061202801059090E-06
 3.207586962523796E-07
-2.404250330371286E-06
 2.245051469004592E-02
-3.713818772644910E-05
-2.707567763301414E-06
 1.434521230553321E-07
-4.071874237276845E-06
 4.650267124132383E-07
 3.287407003560984E-06
-2.370265915912623E-07
-8.304143703628168E-07
 4.916553861496305E-08
 1.095065027329243E-07
-6.345865619308619E-09
-8.130486639981941E-09
 4.675435322415685E+00
-3.757894806105410E-04
-4.778716352240928E-05
 3.175309823337631E-05
-1.277290337914777E-05
-1.919307561882086E-04
 1.643946530897995E-05
 7.679996809528689E-05
-4.952892526948024E-06
-1.367865353566563E-05
 7.463042639945282E-07
 1.438764458205045E-06
-6.504211863117987E-08
 4.499720325289951E+00
-5.106905362561195E-02
 8.113420780894874E-01
 7.639236544970561E-02
-2.655480450430233E-01
-1.548964600956439E-02
-1.024011774811915E-02
-2.263953844588800E-02
 5.549925966940918E-02
 1.659071791000954E-02
-2.529942456534001E-02
-5.190088254960752E-03
 5.105908704225457E-03
 1.566796644038801E+02
 3.192313554142885E+00
-8.113251674046685E-01
-7.642134654733687E-02
 2.655200810708891E-01
 1.567435026628608E-02
 1.025384510926240E-02
 2.256521123173736E-02
-5.550156808587522E-02
-1.657742928958328E-02
 2.529960972103578E-02
 5.188686189726993E-03
-5.105915247084498E-03
 4.216274321837939E+04
 5.665359959720473E-01
 3.449197268626169E-01
 1.771892877138901E-01
 5.016852542254268E-01
-8.187448505475634E-01
-3.481683180736861E-01
 3.139859340120054E-01
 8.053820613937346E-02
-5.410026011724348E-02
-9.959016772112451E-03
 5.520906678821820E-03
 7.365824069263629E-04
 1.032169699223013E-04
-3.078140311414170E-05
-6.552549336524256E-07
 3.328370121855752E-05
 7.521493023118998E-06
-4.788725294727104E-06
-4.676321149992339E-06
-4.868404928665132E-06
-1.644210147021425E-06
 1.954374649991745E-06
 3.447692214545615E-06
 1.794618109664160E-06
-1.489539032756770E-06
 2.238264951013984E-02
-3.042663517277315E-05
-2.151584597039763E-06
 3.138808034413170E-07
-3.532237807078250E-06
-2.616425066916117E-07
 2.920558845594006E-06
 3.306349323121639E-08
-7.470726842645172E-07
 4.482095375935879E-09
 1.002753445427790E-07
-2.683407498074933E-09
-7.831050455800673E-09
 4.674262732037624E+00
-5.625640960708313E-04
-8.856010103167697E-06
 2.436513171878173E-05
 1.650515681277216E-05
-1.690210679839219E-04
-4.829608813726994E-06
 6.867778222392656E-05
 9.628997988696798E-08
-1.236112882124347E-05
 1.071570173448978E-07
 1.311553262029774E-06
-1.644367493451700E-08
 4.498381004529393E+00
-2.784027940149475E-01
 7.080006334853045E-01
 2.739700621542505E-01
-2.252502830809697E-01
-4.585815035778587E-02
-2.583507197951503E-03
-3.869123150060907E-02
 3.875872020929819E-02
 2.946668002552602E-02
-1.804148610080193E-02
-9.304537784752112E-03
 3.680844429436862E-03
 1.629638997205888E+02
 3.419840504610112E+00
-7.080169400979344E-01
-2.739877806059037E-01
 2.252018209465606E-01
 4.600554612145166E-02
 2.612581512533570E-03
 3.863034976393246E-02
-3.876472906011285E-02
-2.945560046562763E-02
 1.804214538912255E-02
 9.303351494270811E-03
-3.680887404691738E-03
 4.216280102151034E+04
 3.278580032151345E-01
 4.811733067740884E-01
 8.141668759232674E-02
 6.773601235668488E-01
-5.015200598444118E-01
-4.810680055469185E-01
 1.992508734340215E-01
 1.127623399068118E-01
-3.520525936227596E-02
-1.410862077430535E-02
 3.673510934906797E-03
 1.057897496278971E-03
 1.047146523408883E-04
-2.173043150996138E-05
-1.296138247151813E-05
 2.293061846461514E-05
 8.669162198707276E-06
-1.768632984117580E-06
-7.660113759640356E-07
-2.667506767660775E-06
-2.334217244256902E-06
-8.866663539684310E-08
 1.001203661474326E-06
 1.214635088664103E-06
-8.088861617689330E-08
 2.232805108157955E-02
-2.335112393244602E-05
-1.667874065563318E-06
 3.671279679890855E-07
-2.794689209261117E-06
-6.159327182741610E-07
 2.402862108238337E-06
 1.694833251247649E-07
-6.269023032786668E-07
-1.922614700190677E-08
 8.632409148452169E-08
-6.149575827195920E-11
-7.193714322946303E-09
 4.672891373828935E+00
-6.131948009818499E-04
 1.937655415899050E-05
 1.467526340892533E-05
 3.029318847379815E-05
-1.372176052980396E-04
-1.548018994030215E-05
 5.713756685415534E-05
 2.700912500422156E-06
-1.045527959456868E-05
-2.297185198302670E-07
 1.124572757240991E-06
 9.535835300876164E-09
 4.471540924093478E+00
-4.283592559408704E-01
 4.961509519916001E-01
 4.076716206419699E-01
-1.530071131562342E-01
-6.624497775362090E-02
 4.913332688564864E-03
-4.411223375207426E-02
 1.754455689550537E-02
 3.454954751851179E-02
-8.689580802452882E-03
-1.099717719526541E-02
 1.828781496977755E-03
 1.692738275325578E+02
 3.569849046445705E+00
-4.961863274161785E-01
-4.076779412549129E-01
 1.529579965246298E-01
 6.635264875399553E-02
-4.882768910275760E-03
 4.406591871755312E-02
-1.755104357391483E-02
-3.454089231907941E-02
 8.690312649751885E-03
 1.099623037164686E-02
-1.828830707683420E-03
 4.216282259453593E+04
 8.183161395404918E-02
 5.036963721873829E-01
-1.042975895241118E-02
 6.911616194836545E-01
-1.650854747814055E-01
-4.999588052736587E-01
 7.537722198209780E-02
 1.183930943437960E-01
-1.454016481819473E-02
-1.494054152919069E-02
 1.626881020246611E-03
 1.129646059080887E-03
 1.066845347769735E-04
-1.116697061402201E-05
-1.808450444505211E-05
 1.258108764441076E-05
 8.056648914007930E-06
-7.022521640840530E-07
 7.928200305996327E-07
-5.998491490503556E-07
-2.097441521085958E-06
-3.759210647316086E-07
 1.194954003495992E-07
 4.621415787543112E-07
 2.426751605054291E-07
 2.228633454072530E-02
-1.748884561459577E-05
-1.327645515023865E-06
 3.212074382238916E-07
-2.065035197659237E-06
-5.968773725409489E-07
 1.874578207829639E-06
 1.691380643531364E-07
-5.017279198173450E-07
-2.067209329009082E-08
 7.086982936557099E-08
 9.119020503989272E-10
-6.181202429174253E-09
 4.671587606110909E+00
-5.424043154445685E-04
 3.219726896024174E-05
 5.777224196675727E-06
 2.889120505691687E-05
-1.051694088489195E-04
-1.535026946660659E-05
 4.524790747410908E-05
 2.779272628654457E-06
-8.458870791509063E-06
-2.501203048437945E-07
 9.257565206046191E-07
 1.170315803241587E-08
 4.431701770449867E+00
-4.842899856506260E-01
 2.407133840616540E-01
 4.602986216743126E-01
-6.957961993957482E-02
-7.381226840896686E-02
 1.016806227596009E-02
-3.971856840662198E-02
-2.374940961128020E-03
 3.210431518237382E-02
 2.371554073227627E-04
-1.031058822820318E-02
 4.554227330803958E-05
 1.755966800724912E+02
 3.625706177307415E+00
-2.407515883067526E-01
-4.602963866921816E-01
 6.954556909044221E-02
 7.388699698372228E-02
-1.014741874070506E-02
 3.968461064912478E-02
 2.370682424461060E-03
-3.209775123950356E-02
-2.366931829424874E-04
 1.030985105127841E-02
-4.557177715888918E-05
 4.216281155145522E+04
-1.208943444323198E-01
 4.287786782912847E-01
-8.046584618289042E-02
 5.747754786615797E-01
 1.200384388575912E-01
-4.230385826813290E-01
-3.139517814046345E-02
 1.011477923524441E-01
 3.485129733654993E-03
-1.286546294935621E-02
-1.761950015162046E-04
 9.791930043810191E-04
 1.095114479024857E-04
-1.216470065851550E-06
-1.682027282801440E-05
 3.435587976874655E-06
 6.298660848744870E-06
-1.471450539664221E-07
 7.203526439277147E-07
 8.800619915034842E-07
-1.602350191278463E-06
-3.682610536097991E-07
 1.318419652758809E-07
-3.398849889120478E-08
 1.472424223844578E-07
 2.225458450997354E-02
-1.369364847310960E-05
-1.146979969773011E-06
 2.155303028878645E-07
-1.483427412687281E-06
-2.963650427215350E-07
 1.438982414382991E-06
 6.304775561723529E-08
-3.962993173857775E-07
-4.096634403233379E-09
 5.705920408383136E-08
-3.724087544753320E-11
-5.022840147011616E-09
 4.670550572312794E+00
-3.899393490366302E-04
 3.057675410747316E-05
-6.173268604679440E-07
 1.632276564742177E-05
-7.905718098696250E-05
-6.934118840963886E-06
 3.533011865525664E-05
 8.730706376661820E-07
-6.764481928105245E-06
-1.804998045046729E-08
 7.543923835703263E-07
-5.336765081136281E-09
 4.391381579888444E+00
-4.569548491949900E-01
-2.337600304467690E-03
 4.371450402338219E-01
 7.268005765115737E-03
-6.918226135257990E-02
 1.239008157521370E-02
-2.856124079580009E-02
-1.712423635028586E-02
 2.415036323683013E-02
 6.972190844971480E-03
-7.845557369346095E-03
-1.312761884508795E-03
 1.819197418807586E+02
 3.598213043728001E+00
 2.309675113805882E-03
-4.371381619217298E-01
-7.278121026220019E-03
 6.923576910902687E-02
-1.238621222159089E-02
 2.853549862019323E-02
 1.712388046577145E-02
-2.414522181265091E-02
-6.972214473517643E-03
 7.844965705690864E-03
 1.312768731904813E-03
 4.216277700256887E+04
-2.551727464933020E-01
 2.868391764982684E-01
-1.232509730918817E-01
 3.746708074624901E-01
 3.141068068300508E-01
-2.814035791279121E-01
-1.052324449656925E-01
 6.806035798889262E-02
 1.608920700919743E-02
-8.739815246372018E-03
-1.447179331780017E-03
 6.702038400152770E-04
 1.131308756782401E-04
 6.610652401911754E-06
-1.072039750182588E-05
-3.668450815963234E-06
 3.681841966335174E-06
 6.310194061034303E-07
-2.330319346759397E-08
 1.555380865607796E-06
-8.991379208403404E-07
-6.057122605279300E-07
 3.540212274293076E-07
-1.265981529114406E-07
-4.272528277711066E-08
 2.222869313500591E-02
-1.216930800652217E-05
-1.118600555841174E-06
 8.457658797270118E-08
-1.111181364587031E-06
 1.681752705765410E-07
 1.149702581121989E-06
-1.064868945132068E-07
-3.247134214260992E-07
 2.382984700405108E-08
 4.719763162055169E-08
-2.598478542646772E-09
-4.056054027368194E-09
 4.669888561917618E+00
-1.994463602015273E-04
 1.856849626721194E-05
-4.237045115378198E-06
-2.584706997355878E-06
-6.192215767267038E-05
 6.442879206830937E-06
 2.865795327021094E-05
-2.250488715587879E-06
-5.603381247477356E-06
 3.714120631561112E-07
 6.350030342917333E-07
-3.447990371851207E-08
 4.360272411400397E+00
-3.687665638440083E-01
-1.970192822049865E-01
 3.555733484019143E-01
 6.597334832774100E-02
-5.511831333139948E-02
 1.184077765898028E-02
-1.409632106626430E-02
-2.501782158376704E-02
 1.321780707872990E-02
 1.067629523291332E-02
-4.390772084994601E-03
-2.069212909393360E-03
 1.882332148601091E+02
 3.509827473015662E+00
 1.970093728581682E-01
-3.555653296918181E-01
-6.595695290834906E-02
 5.516339862833119E-02
-1.185601340696962E-02
 1.407406898454593E-02
 2.502197527872979E-02
-1.321329924695210E-02
-1.067688631071370E-02
 4.390247925827523E-03
 2.069262556353544E-03
 4.216272992491939E+04
-3.134984682222309E-01
 1.105969469309247E-01
-1.397481484410281E-01
 1.345196531340032E-01
 4.015590358338579E-01
-1.071089797903999E-01
-1.392045054744813E-01
 2.676117347045175E-02
 2.197395353869069E-02
-3.531110278765062E-03
-2.046412880680202E-03
 2.769101422297984E-04
 1.172879778388430E-04
 1.163442471323890E-05
-1.475292700785786E-06
-8.248401462256506E-06
 2.650910509761072E-07
 1.618146629242726E-06
-6.117124603345253E-07
 1.397570467343655E-06
 2.027085867105609E-08
-8.992230368157623E-07
 2.843438146318767E-07
 1.193661042174738E-07
-1.292331737699353E-07
 2.220439437584445E-02
-1.275073125068628E-05
-1.232244332480579E-06
-5.185253746087676E-08
-9.606097210566665E-07
 6.959989575556406E-07
 1.024967557879013E-06
-3.012066281278963E-07
-2.926931312711562E-07
 5.651611053453243E-08
 4.253848231647317E-08
-6.052402614343555E-09
-3.544566443243362E-09
 4.669627855703430E+00
-6.987258116097905E-06
 5.022655198416714E-07
-5.466618843887371E-06
-2.390218018355483E-05
-5.468284245324639E-05
 2.181732692012435E-05
 2.572019652178007E-05
-5.875678019411187E-06
-5.076131141611685E-06
 8.264657746546679E-07
 5.793241158586354E-07
-6.869399196482654E-08
 4.344529054640741E+00
-2.417460415995861E-01
-3.246124361041129E-01
 2.359810171279231E-01
 1.005471132686496E-01
-3.518382434200604E-02
 9.192814760364701E-03
 8.011116126401392E-04
-2.586871537025849E-02
 1.589915615919351E-03
 1.119242826682553E-02
-6.836814479389894E-04
-2.184454106390318E-03
 1.945309200000370E+02
 3.382607501177656E+00
 3.246233832401734E-01
-2.359745029516467E-01
-1.005060509972570E-01
 3.523226544969633E-02
-9.226029408615397E-03
-8.243626177969733E-04
 2.587713512233100E-02
-1.585274087261723E-03
-1.119355779742101E-02
 6.831472301659968E-04
 2.184544435592146E-03
 4.216268105699160E+04
-2.966487056636162E-01
-6.965656581059403E-02
-1.318435974087781E-01
-1.082847993115698E-01
 3.810129294198795E-01
 7.073742759530433E-02
-1.322320402009959E-01
-1.560654023789819E-02
 2.088888873102126E-02
 1.834516249520955E-03
-1.944964489666745E-03
-1.288554933405696E-04
 1.216530454565636E-04
 1.363445816481618E-05
 9.369556304172141E-06
-9.992073803573260E-06
-3.813404518179152E-06
 2.394215939424684E-06
-5.453127208850711E-07
 5.943323188244012E-07
 9.417450586753346E-07
-8.725292083812729E-07
-2.260528318396407E-07
 4.393481853544325E-07
-6.940296880156277E-09
 2.217781911534346E-02
-1.510687646012274E-05
-1.472605933552223E-06
-1.819994577734933E-07
-1.026240064837258E-06
 1.207670139252448E-06
 1.065033198648305E-06
-4.899808227383506E-07
-3.009885317661460E-07
 8.830198535350823E-08
 4.343445823039412E-08
-9.539889482812908E-09
-3.598485380400358E-09
 4.669731073766206E+00
 1.595481728221634E-04
-2.022530144914962E-05
-4.606971099513784E-06
-4.462595965429947E-05
-5.728424221920556E-05
 3.678275072834717E-05
 2.656708617399827E-05
-9.405311205549302E-06
-5.201242470020107E-06
 1.269525977949552E-06
 5.899996260438911E-07
-1.019745241410856E-07
 4.347308589605901E+00
-9.461077485093654E-02
-3.764218763701040E-01
 9.813146328233001E-02
 1.087096820203615E-01
-1.297773016398148E-02
 5.090806973031616E-03
 1.386667179674167E-02
-2.027412424995025E-02
-8.835111910002252E-03
 8.760993285180771E-03
 2.649750984448751E-03
-1.703885188740710E-03
 2.008097391954148E+02
 3.235299332982379E+00
 3.764530557523533E-01
-9.812848672829616E-02
-1.086487940143964E-01
 1.303953670186021E-02
-5.138408492834620E-03
-1.389479455493450E-02
 2.028594643230865E-02
 8.840557574477369E-03
-8.762550845469484E-03
-2.650363706611468E-03
 1.704007725867139E-03
 4.216264008423271E+04
-2.106308101664091E-01
-2.265031090903974E-01
-1.013874345489267E-01
-3.196493892811794E-01
 2.610390793678772E-01
 2.255907346524719E-01
-8.753300447166952E-02
-5.251173901174647E-02
 1.337537934215596E-02
 6.509083754141242E-03
-1.198496630912324E-03
-4.818074471236637E-04
 1.259001526497091E-04
 1.261711500797264E-05
 2.036350439732619E-05
-8.713135136905007E-06
-8.169539662024867E-06
 2.386088227480122E-06
 2.726852918975184E-07
-4.152024214878747E-07
 1.502901549981207E-06
-3.285593279309764E-07
-8.779908664106311E-07
 4.254601437074908E-07
 2.327922585525739E-07
 2.214579221510515E-02
-1.878243991219192E-05
-1.808682805817807E-06
-2.923754326756268E-07
-1.291979183735916E-06
 1.632675890342435E-06
 1.257340457381272E-06
-6.456748210739929E-07
-3.465600379974407E-07
 1.142572838822768E-07
 4.945170679092444E-08
-1.225938301462166E-08
-4.164050588848159E-09
 4.670111260666589E+00
 2.776955556026332E-04
-4.077973570409527E-05
-1.760690674556232E-06
-6.200251663304522E-05
-6.900047842531074E-05
 4.920619316403000E-05
 3.091742740565997E-05
-1.231720163224609E-05
-5.930907480689029E-06
 1.632845608057210E-06
 6.624914784280323E-07
-1.291075218017131E-07
 4.369433948802983E+00
 5.468585803302446E-02
-3.501214100418277E-01
-3.882988644068686E-02
 9.090321954967191E-02
 8.115301335010783E-03
 1.229152790299073E-04
 2.316979482587997E-02
-9.387960409250027E-03
-1.644021235636069E-02
 3.909599803660577E-03
 5.078438983199058E-03
-7.347364271939391E-04
 2.070689376550037E+02
 3.085879613312497E+00
 3.501696359993765E-01
 3.882768288640976E-02
-9.082976475122215E-02
-8.032407670159414E-03
-1.794305633583148E-04
-2.320577272114231E-02
 9.401859310816446E-03
 1.644697918924994E-02
-3.911414804635937E-03
-5.079183305803361E-03
 7.348780544917260E-04
 4.216261519999789E+04
-6.839927915000142E-02
-3.360325751821690E-01
-5.208996131225901E-02
-4.684636463173845E-01
 6.093578140728194E-02
 3.339238393628666E-01
-1.256664024717443E-02
-7.823820104329990E-02
 7.198777127016981E-04
 9.757938901132617E-03
 6.140936378729888E-05
-7.263161102085948E-04
 1.297482685927968E-04
 8.821691679569393E-06
 3.011284725123022E-05
-4.423964596963202E-06
-1.215243804255335E-05
 1.122434967565578E-06
 1.525000277303459E-06
-1.124713056828602E-06
 1.471192850197868E-06
 6.456444665720031E-07
-1.211322771322374E-06
-1.973139228420558E-07
 3.886787103871959E-07
 2.210610410772478E-02
-2.317837353577099E-05
-2.191381562969467E-06
-3.663195797745442E-07
-1.720466142810443E-06
 1.905023024708704E-06
 1.572124743745947E-06
-7.438478521825899E-07
-4.219179575720497E-07
 1.301466610312381E-07
 5.936570867345038E-08
-1.362723430118639E-08
-5.048493000784445E-09
 4.670642876575604E+00
 3.301054437545239E-04
-5.828984878003113E-05
 2.849722405538448E-06
-7.333696062516992E-05
-8.807791062694403E-05
 5.712675551621079E-05
 3.807517235591226E-05
-1.414596034655401E-05
-7.142951232343474E-06
 1.857779402314463E-06
 7.841206395981387E-07
-1.456689742504671E-07
 4.409680577082452E+00
 1.874367679234086E-01
-2.505884975172287E-01
-1.563297051921226E-01
 5.035679090372701E-02
 2.503835650278155E-02
-5.020517322022373E-03
 2.711451023801285E-02
 4.995794575032656E-03
-1.991920150471357E-02
-2.536087953911257E-03
 6.180602119247152E-03
 5.548414717560299E-04
 2.133098663128289E+02
 2.953073502186114E+00
 2.506482978029812E-01
 1.563212079275878E-01
-5.027998178403856E-02
-2.492980998466430E-02
 4.961948506300692E-03
-2.716009425002688E-02
-4.981469449804676E-03
 1.992759219702232E-02
 2.534226524134580E-03
-6.181509092348629E-03
-5.546968874516377E-04
