 00 04 11.9    -07 47 44.    -0.830 -1.865   13.74     15022
 00 04 11.9    -07 47 44.     0.0    0.0     13.74     15022
 00 24 15.5    -32 36 20.     0.433 -0.260   14.15     15094
 00 29 23.9    -28 06 10.     0.196  0.007   14.0      15111
 00 36 56.0    +14 38 07.     0.321  0.034   14.36     15144
 00 38 58.6    -22 37 11.    -0.434 -0.364   14.53     15150
 00 44 15.876  -42 25 58.99  -0.007 -0.027    9.3      15169
 01 57 12.310   58 17 07.57   0.041 -0.017    7.88     15417
 02 43 58.3    -02 39 31.     0.217 -0.466   15.53     15574
 03 48 18.0    -06 13 34.    -0.417 -1.365   14.0      15814
 03 51 35.4    +11 52 01.     0.0    0.0     16.41     15839
 03 54 56.821  -01 18 02.77  -0.183 -0.160    8.06     15849
 03 54 57.9    -01 17 45.    -0.183 -0.160   11.48     15850
 03 58 39.1    +20 28 02.     0.046 -0.02    10.81     15886
 04 09 19.6    -53 41 52.    -0.779 -2.397   13.58     15917
 04 12 58.184  -07 43 45.83  -2.240 -3.411    4.55     15931
 04 23 45.2    +24 50 16.     0.128 -0.02    16.24     15992
 04 26 31.5    +26 27 55.     0.0    0.0     15.89     16026
 04 27 12.6    +26 16 00.     0.100 -0.04    16.50     16036
 04 33 35.8    +27 03 30.     0.245 -0.131   15.79     16109
 04 39 58.7    +18 52 33.     0.700 -1.078    9.96     16153
 04 41 29.8    +23 50 59.     0.0    0.0     15.19     16157
 04 45 07.461   16 58 07.64   0.077 -0.032   11.12     16167
 05 05 20.0    -23 15 24.     0.210 -0.303   12.95     16249
 05 06 40.744  -61 52 07.96   0.014  0.016    8.87     16255
 05 13 38.087  -00 49 28.25   0.116  0.100    9.05     16273
 05 29 27.057  -00 19 11.83   0.009 -0.004    6.83     16331
 05 58 35.7    +49 52 39.     0.084 -0.797   14.47     16757
 06 15 32.8    -59 11 02.    -0.057 -0.325   13.85     16822
 06 42 56.9    -16 38 50.    -0.545 -1.20     7.98     17174
 06 56 29.0    +19 25 51.     0.835 -0.896   14.52     17268
 07 17 39.923   29 49 43.16   0.010  0.002    7.23     17433
 07 44 48.494  -21 02 15.15   0.003 -0.006   10.01     17599
 07 49 20.0    +00 08 09.     0.249 -0.724   13.26     17633
 07 57 59.246  -60 30 24.83  -0.010 -0.015    9.54     17701
 08 07 57.3    -12 38 43.     0.027  0.007   11.65     17758
 08 07 57.4    -12 38 44.     0.027  0.007   13.32     17759
 08 09 11.2    +08 59 38.     1.172 -5.078   12.77     17781
 08 09 40.756  -14 01 06.95  -0.031  0.001    8.79     17783
 08 16 56.9    -29 35 56.    -0.148  0.128   11.78     17845
 08 21 03.4    +69 12 52.    -0.582 -1.248   17.76     17874
 08 38 12.382   10 09 59.82  -0.033 -0.111    9.30     17955
 08 51 07.0    -03 17 58.    -0.541 -0.197   18.80     18073
 08 55 24.8    -19 06 09.     0.074 -0.175   12.41     18096
 08 57 35.341  -48 38 05.00  -0.020  0.003    9.40     18104
 09 06 53.149  -52 22 28.23  -0.022  0.004    8.91     18143
 09 12 28.6    +53 38 51.    -1.057 -1.134   13.79     18157
 09 19 03.368  -32 04 01.05  -0.024  0.021    8.80     18179
 09 26 36.931  -02 31 52.35   0.147 -0.016    7.15     18210
 09 26 45.862  -38 55 07.90   0.012 -0.009    9.25     18211
 09 28 34.202   10 29 57.57   0.100 -0.037    8.58     18221
 10 31 12.013  -60 35 12.07   0.005  0.008    9.69     18440
 10 41 58.0    -59 17 12.    -0.028  0.004    8.74     18489
 10 44 55.734  -54 34 01.98  -0.024  0.002    9.35     18527
 10 45 56.056  -58 26 04.21   0.068 -0.001    9.0      18532
 10 53 33.9    -51 54 20.    -0.608  0.118   13.6      18560
 10 54 03.108  -60 13 35.32   0.001 -0.013    9.10     18562
 11 19 19.8    -12 56 38.    -0.509 -0.08    19.57     18756
 11 32 33.3    -05 22 09.     0.307 -0.94    13.3      18799
 11 35 49.499  -62 55 12.68   0.003 -0.015    7.43     18824
 11 43 03.2    +63 22 56.    -0.143 -0.353   15.0      18888
 11 50 53.940   59 02 27.03  -0.126 -0.022    9.2      18990
 12 10 58.959   07 49 00.68   0.072 -0.264   11.58     19305
 12 33 03.608  -40 44 48.35  -0.105 -0.005    5.11     19428
 12 34 38.857  -67 35 25.97  -0.015 -0.029    8.28     19436
 12 50 23.246  -60 02 19.76  -0.018 -0.010   11.85     19528
 13 04 38.1    +21 04 42.    -0.072 -0.04    12.54     19604
 13 06 22.071  -62 36 16.94  -0.010  0.003    8.57     19622
 13 14 21.847   17 17 02.79   0.631 -0.264    6.59     19690
 13 44 49.5    -32 10 52.     0.098 -0.028    8.94     19962
 13 48 56.570  -32 44 51.84  -0.057 -0.027    6.01     19975
 13 50 19.366  -31 41 08.01   0.001  0.001    8.32     19979
 14 14 25.868   51 36 22.44  -0.163  0.086    8.24     20074
 14 36 11.300  -60 37 49.06  -3.618  0.699    0.30     20145
 15 02 08.337   47 50 53.57  -0.407  0.033    5.1      20241
 15 05 15.563   25 07 11.92  -0.876  0.493    9.94     20249
 15 44 02.0    -58 01 51.    -0.534 -0.24    10.48     20397
 15 59 29.582  -48 35 05.53   0.000 -0.007    9.20     20483
 16 04 17.9    +08 31 14.    -0.497  0.079   11.54     20510
 16 10 12.853  -41 13 15.26  -0.004 -0.002    9.58     20546
 16 12 49.3    +33 59 06.    -0.272 -0.079    6.66     20562
 16 13 30.603   07 29 14.49   0.186 -0.477    8.41     20566
 16 18 26.1    -50 44 11.    -0.021 -0.14    21.06     20596
 16 52 54.8    -08 18 15.    -0.812 -0.870   16.66     20863
 17 08 35.4    +41 43 08.    -0.012  0.088   13.39     21076
 17 18 00.308  -21 03 39.75   0.232 -0.206    4.41     21541
 17 30 53.835  -43 07 36.81   0.006 -0.009    8.83     22614
 17 35 13.2    +27 55 25.    -0.088  0.255   11.75     23058
 17 41 39.8    -00 01 09.     0.0    0.0     11.75     23673
 18 02 55.6    +02 30 35.     0.265 -1.093    5.99     24260
 19 30 04.9    -52 32 39.    -0.004 -0.260   12.80     24807
 19 43 42.6    +27 00 54.    -0.043 -1.225   11.7      24878
 19 48 20.643   08 44 05.68   0.538  0.387    0.82     24910
 20 09 35.713   38 14 54.45   0.037  0.117    7.95     25044
 20 39 39.3    -68 16 02.     0.167 -0.186   13.25     25258
 20 43 18.1    +10 06 30.    -0.183 -0.531   13.76     25327
 20 48 18.297   43 52 12.46   0.125  0.135    1.5      25361
 21 21 50.286   60 51 15.00   0.161  0.062    8.5      25584
 22 26 15.5    -13 39 50.    -0.317 -1.036   17.14     25910
 23 02 23.812   53 45 19.02   0.072  0.114    8.60     26010
 23 13 13.945  -09 21 04.33   0.384 -0.009    9.16     26048
 23 40 32.6    +36 15 41.     0.927 -0.130   12.57     26133
