*ISS (ZARYA)             
1 25544U 98067A   02191.75425257  .00049735  00000-0  63162-3 0  6491
2 25544  51.6373 294.6707 0008083 341.5726 177.2489 15.58869389207705
PROGRESS-M1 8           
1 27395U 02013A   02176.48252704  .00819236  00000-0  92221-2 0  1191
2 27395  51.6363  11.3071 0014331 289.9584 167.7961 15.59627012 14934
SOYUZ-TM 34             
1 27416U 02020A   02190.78886853  .00022039  00000-0  28508-3 0   880
2 27416  51.6390 299.5168 0008115 339.2832 158.3972 15.58812029 11795
PROGRESS-M 46           
1 27454U 02033A   02190.78886853  .00022039  00000-0  28508-3 0   291
2 27454  51.6390 299.5168 0008115 339.2832 158.3972 15.58812029  2124
